x1,x2,x3,x4,x5,x6,x7,x8,x9,x10,f1,f2
0.2120508860590838,0.26781110105171474,0.39397432938566146,0.7651468332323335,0.33692157609768014,0.6546569658870731,0.9553002695164068,0.5746324231241904,0.23073698386160554,0.8022330955019579,0.7954263394325723,4.27649168455516
0.20078138285810132,0.9451961379530494,0.33694395766342217,0.49759358798017356,0.24603339391821016,0.06884842130865938,0.8872988471916964,0.18956090975004383,0.6987775388004632,0.5743471188675366,0.9751714351518672,3.9651022573999284
0.735549036308582,0.5522500653915975,0.29761265617189403,0.17549837375082952,0.44466431843977955,0.6530677382720793,0.6987471385329211,0.8495864087025409,0.6163373889221315,0.6025364750220542,1.1134659275622774,3.5959548240557058
0.6112619045655139,0.5198505724264891,0.2364107832656777,0.5243442153429919,0.46187830687816356,0.4547121399032084,0.45124579012913,0.9589093920605047,0.6633061142963316,0.9432791611650676,1.0498070907592492,3.7430263045911114
0.5864497667075155,0.3804237175845063,0.48809780749968196,0.043526763025748774,0.6385501796410665,0.13966068925708552,0.30133281647690263,0.6825629344046986,0.38193696409890593,0.14071595763433384,1.0721801309081798,3.907187692658527
0.8286386889517872,0.7777111181504041,0.5099189798211681,0.11320393404956887,0.181499295931173,0.45236325777633113,0.97238780240213,0.5631894991269385,0.34208920748629085,0.4802934966606372,1.2650900331014587,3.438848661060975
0.34603702926948465,0.8807945193677893,0.8857857851928854,0.5043913495312183,0.8483462134293978,0.8943179977233725,0.4870415929561289,0.7587403169520757,0.652353635646721,0.9843246166080786,0.9892374228343174,3.8095859894042485
0.34869144721594825,0.7687336130381063,0.658153228301461,0.44148183289019965,0.49700603286325873,0.09179098175314507,0.06451614615281641,0.6801352880060083,0.01217301451235582,0.7520250072273186,1.0415637356483316,3.941976355045829
0.9441727091852296,0.48057431815817736,0.8382976328169103,0.8064561863488995,0.6271276124291345,0.07612126799485998,0.38118058597648724,0.41618977364715126,0.3601979066768054,0.38350535318327345,1.2095286104395795,3.432838808043102
0.20973320988511904,0.33998776719627916,0.3522050990233139,0.02863701115611847,0.9409598046479213,0.04164913628249114,0.23705190954501615,0.47742246792863335,0.6283443222483183,0.22710986184417828,0.8830848020177708,4.3134941617928835
0.7980596284801045,0.1970640798048149,0.2309630899938897,0.11789783553688482,0.9999712325324387,0.643948690810336,0.10814383807581866,0.5000556450395028,0.03813049666862233,0.290165673952479,1.1029446698349359,3.758057167261168
0.6256897772299835,0.11074366486811021,0.940011696198323,0.20235339563961827,0.6499465047420573,0.5491311928100577,0.13168580891958317,0.07982441872714088,0.9417021762011701,0.06983843353200173,1.0178589043972628,3.996266489901205
0.30006572652270774,0.9601487729706799,0.42035355688521303,0.15110297826250804,0.6308463205436695,0.9266813384207393,0.9927681465164224,0.9917000534698361,0.13666195884932672,0.717588649673729,1.008983282167449,3.8387731126553772
0.8781171666435017,0.6999691083392651,0.22064806275921522,0.5400702654352394,0.9831285509722985,0.129551114811312,0.08378901615205887,0.4983181523603404,0.7778797874671601,0.11176623656757757,1.2956581298837857,3.4535055486640847
0.8174493370651029,0.17210212875141698,0.40495282593283083,0.645752249715294,0.36457400214205193,0.5208846432383062,0.19229930800018424,0.7304664589368669,0.866287678458447,0.49264937668522524,1.0686440857360169,3.7133934835747997
0.4474586511416147,0.7129736640534767,0.03994355400820552,0.12942971882953405,0.3008179649044238,0.30816667976098816,0.624565229085322,0.0023416690522036947,0.033879542630549556,0.35162874967696867,1.06991432505452,3.8639961003019905
0.985097112070194,0.7339126831871259,0.6867822612898936,0.6036572392270189,0.10549407288274187,0.7573702823185726,0.47579272328697625,0.5692735337263287,0.7407228482040963,0.5862802429483112,1.2965961218395137,3.2685159413438782
0.4644963077626431,0.1895912586381529,0.10189450641550442,0.793156018692671,0.5551006549210252,0.6748611216650054,0.5903717093431676,0.9874256865493264,0.6912163486238063,0.3047814031004685,0.9143590778809558,4.075421172258376
0.028350237459115447,0.21107690587385308,0.0935094522481397,0.9552600486104381,0.14550713807876964,0.10131727160821212,0.11277720756844686,0.6500105263471309,0.5646843126821356,0.7098826207571455,0.7383046709599185,4.537471635365856
0.8957488780584829,0.7933769058308812,0.7357534406533116,0.3140160297789542,0.5893179657394554,0.6644510437072867,0.6713977745361273,0.3493618735115018,0.3016608565616721,0.8889953381967163,1.282959900729142,3.3443039042682567
0.38554466196162135,0.22865225044641452,0.9314042589582484,0.6079738563499317,0.6225447489563749,0.6732806839291914,0.08179600081621796,0.2884169668917427,0.39282716503631904,0.5889704968885784,0.8655672573028066,4.115761076525564
0.5725163992653581,0.14492151195944292,0.1427812261242895,0.7206319934437218,0.7422664735239064,0.3073479362902841,0.6040930276098773,0.23553170831376483,0.7359321970795344,0.47956100994876394,0.9853496077723263,4.017883874904706
0.8488537095202844,0.4555506867071564,0.558779364812506,0.7597105023799566,0.26285965812050627,0.3013183941510657,0.5080045839344962,0.8241717744665378,0.894258453923014,0.3269968418537484,1.1358894329561569,3.5209458536453626
0.1203031452343007,0.8521280742323596,0.929707835236659,0.532397088120657,0.16840964445322879,0.6702524853531113,0.9302371222843253,0.5895015343431139,0.39558814513420054,0.7276976214207328,0.9129458228097445,4.093395049284023
0.9137330462605529,0.07632123457985074,0.7758856270778797,0.2006080930426757,0.5506436552979118,0.5245772429892667,0.2925389243239555,0.31723081634582123,0.7781618989528049,0.276903522666036,1.1285936981244227,3.7007532027987056
0.18708937206233556,0.3289523553960037,0.09180298962553603,0.9906026406021009,0.7325828979811496,0.8353266041708801,0.018644448767323817,0.3317600149929245,0.10186826545348376,0.37256974561199147,0.833101984159152,4.305753659518646
0.2612525734650448,0.6252578101440227,0.35799055528873974,0.12638817614904493,0.2264904414131501,0.3144506038340758,0.5542610676291135,0.6289376098677253,0.7647771771816193,0.4297574471951607,0.9227061891110862,4.061883971305502
0.15845739346641707,0.8074668760182943,0.4112310042784631,0.874530269875074,0.6928710533152511,0.27409962594094756,0.30303074826025334,0.17558392071518278,0.2601671242387948,0.6317046554611051,0.9195263905364554,4.076240143323109
0.6197571199281164,0.22762171616584834,0.5976393810710232,0.9201482578882829,0.2204521285137319,0.7950928449283872,0.15159587506849578,0.9751078874356582,0.7308690040837884,0.7329757518747888,0.9799834708140132,3.8796315037974525
0.32979355807034383,0.8351672633580481,0.4560097240087231,0.009042044094467898,0.27605545966231987,0.6277031426301737,0.9758962051782591,0.36551163278402005,0.14631290918886383,0.8171511167654648,1.054581052750419,3.9335152681263668
0.6019194801706089,0.27547937097139774,0.5536095622602634,0.4108915915166268,0.4057406729266847,0.8961599268767318,0.7563087400297002,0.060358803966982046,0.07378424710740138,0.970930398463682,1.029376160948893,3.919887412464431
0.8044479575778117,0.6340768701776849,0.9818945792774206,0.9133727974250954,0.8039602241550643,0.22200704685974115,0.39182578778173816,0.2035625122515615,0.186638609663479,0.14795107577969943,1.1855108853134153,3.5032812963134337
0.554960884204847,0.209554311429707,0.5999328411922591,0.6841608441478414,0.39293617255698715,0.27398605058672354,0.27071460927049523,0.577313944849318,0.2344771958289657,0.8466204723835066,0.9478568613974561,3.9582498015179057
0.08186818228322482,0.573896735953694,0.5164521741361981,0.16739279658822287,0.560301429095576,0.3351053290000895,0.7303469860009107,0.16067644182644347,0.31558773029273574,0.1583806940960689,0.8537828539105724,4.300558028520465
0.000940796181732966,0.4577612501960865,0.6882931783229786,0.4839276712014547,0.7235601185982954,0.296071725645638,0.48195616606607944,0.7622243719338652,0.9476615543732901,0.04420670531722342,0.7629964948657522,4.418264362946088
0.730155719836723,0.6772642081938217,0.5403977824248842,0.06083998293967559,0.20479048619662607,0.869051436513412,0.13858413576035158,0.6211753051096777,0.7185574806150926,0.6481303024285091,1.208218264674295,3.6050365287738444
0.3311273346015584,0.12868193592814817,0.3221051258192638,0.3189181692566917,0.4177190489664075,0.7445793547017411,0.36089150127480873,0.2205837202142394,0.5041836432304015,0.10755408085818075,0.8327622575074364,4.239559803658988
0.563323507266294,0.6524841391369702,0.1878031997746501,0.42177872723322196,0.2807682867001151,0.5066457815891876,0.6561574589505249,0.6125795046630971,0.8735704682331424,0.7489039938019236,1.0602629225164204,3.7259145572642516
0.11118200679296308,0.9088094964150751,0.8293636097373588,0.3299832427617639,0.10680780573569097,0.12214865677504631,0.06035195918256542,0.3904992229787183,0.9941398390514866,0.24878311865968075,0.9551775038448601,4.106797371344109
0.8099304522868572,0.1674716494765655,0.9258749126550045,0.17376164129425548,0.07422841063328353,0.14742299464028788,0.850499077620808,0.7541004481779624,0.8701441370033347,0.3959248221053961,1.1105182132820346,3.7700187977443242
0.48779526639022236,0.7704348789750085,0.26380389630661705,0.8289184709100565,0.879468498695443,0.9324032951596909,0.6007296753475565,0.6072249109376672,0.41056463388994924,0.009316389909013609,1.0500837734995658,3.740564714682976
0.4843809196844695,0.31459399933882287,0.15536391583734138,0.030343042522459278,0.7465128057191153,0.6921663871205737,0.04961407001139343,0.605335655101503,0.9445233767223172,0.7581543958481854,0.959428788815835,3.9969119097850134
0.002085777185915054,0.47506989609652855,0.34479604981992645,0.9602773038379274,0.47931623810334567,0.4389604067563166,0.5604211737157869,0.8383681662497466,0.8500866294545307,0.7374159845944743,0.7280843046055758,4.368653216754307
0.8611210706535057,0.19835082265588405,0.051449862608681306,0.14388540245158685,0.8368580180257823,0.9734389103124749,0.1876557862473926,0.9836611559249838,0.8316690469304406,0.5412425807635532,1.1036889874435942,3.6632442644714227
0.03437581605098359,0.816445343522319,0.23504250752722314,0.11813075506098804,0.48170892418275363,0.04617264183433421,0.22250847077359687,0.1997859344466678,0.5729669945867216,0.5365313072545689,0.8787487327553095,4.214851001037095
0.8874976358511563,0.07446315147682808,0.011848026525556107,0.5685370057643935,0.28948321579919367,0.04466362101813941,0.3237358807723507,0.3885258613058466,0.9187883602226183,0.9214779706778841,1.117283301711932,3.7301894843275765
0.6041800486360265,0.32512016259574344,0.2742851913825926,0.15739806006314205,0.43903024937609214,0.8191211670428631,0.77239254283346,0.3816502077767029,0.594646656508501,0.13491078799712014,1.0309061929672803,3.880795998066433
0.8010699267163661,0.02293262251641123,0.034927163181236,0.949491125567372,0.5924087121327569,0.9486363924598247,0.8550778383794945,0.46392167841908544,0.43169416288668905,0.26266723934776887,1.0637033154324422,3.8448989584705844
0.38673748663046303,0.8389499575658811,0.3000417025589072,0.1022692972595811,0.9455816155509824,0.7528621730626575,0.07808959243908573,0.016490853637423097,0.5329789368570937,0.002118204186710196,1.0578149435463255,3.8484962454262206
0.23349858057513515,0.7275190260943678,0.2618889583395697,0.7034688983851093,0.5970987226665979,0.3732479531702983,0.6298706708391864,0.128563878382748,0.9011594044630222,0.8550174783062856,0.9334109138877278,4.037523773454249
0.35723128898930157,0.3724038182998601,0.4809736732686653,0.8739220670016467,0.6648807148411866,0.15861929223889426,0.7074393809089821,0.6942326582439384,0.7557065483628801,0.31185411751932823,0.8934201730216499,4.078270375812803
0.8070517091801912,0.05807417295092485,0.6540988971266336,0.5424303012895632,0.4347441803691457,0.095731957155397,0.5401377502021393,0.858454254755827,0.626175921911751,0.7407352039919619,1.0360754079406964,3.7819422144572163
0.5851605919340734,0.49873790474359286,0.008959042996276855,0.06959562259304368,0.5445410289725724,0.4262596257481663,0.3705093637558456,0.8722143160487142,0.3104224030456864,0.7771944220844291,1.0635386561546554,3.8117443396958506
0.3245576195336565,0.008808056314573124,0.3134086941779543,0.44345799854711865,0.9585924781219317,0.2830910994302261,0.8145432031721518,0.3255110504631178,0.2298131963742203,0.6432829635794457,0.8108676476252152,4.3174251760888005
0.5539741869379456,0.019939251182223196,0.05386293048325486,0.7785604874897805,0.14095212641732768,0.5982053980077718,0.07523320043538244,0.4029283565374389,0.5299841553895188,0.39027336776481436,0.962428475030542,4.116512756236956
0.48334408327871736,0.547148951015955,0.03001495342057322,0.6657766592716213,0.898997632351999,0.4006533980798235,0.44628252637505683,0.11970267966906696,0.42692281928161385,0.42553096517819616,1.051619369849602,3.9162415316695594
0.11783392550103507,0.10411084057016559,0.6100008521718748,0.7141444116404042,0.9790237740874265,0.9962616196344695,0.7338356729722287,0.05292650305655967,0.8084705566931224,0.6641337954988394,0.6731560307248403,4.418322012045664
0.5246301979256134,0.6636186878011318,0.25323492454901325,0.7185332501272678,0.28708180794927557,0.441403628003453,0.8840260423262647,0.19789948146313432,0.10610333365983687,0.36268890568124457,1.080683439519997,3.796024126780728
0.6299116662222118,0.917530656738083,0.4022161944073577,0.252540956046365,0.48918475274498785,0.5588426337083805,0.5948494358449125,0.911168681531258,0.05039880945787437,0.8994522814052055,1.1747180471928678,3.5417025553059878
0.26853332631150095,0.9277164454818676,0.10984575043967817,0.26896446562239984,0.30730558173833167,0.7429012007557405,0.08487014564090756,0.868602666155428,0.7897618911939998,0.014136598469576402,1.039117398231871,3.9405300746532186
0.9962085404147155,0.043419320197403154,0.5379358537667842,0.827489614234765,0.008459278180359343,0.7247608989799172,0.4362034483499675,0.5298403420904505,0.6723976625110959,0.9492773388256903,1.1202371185321123,3.5933598177619865
0.45171328963399254,0.7419649868331648,0.6272376707145813,0.8507968597047513,0.8802320749912856,0.4117026042504202,0.17120697592911702,0.5121175267187257,0.4647325236425098,0.30681969342565996,1.0191916973244364,3.785148022748574
0.3189833595792938,0.7631362109307536,0.3182909812692345,0.8172364148639681,0.15816156139575785,0.3228780885376839,0.9850396851287251,0.9349672759449529,0.5086889762149572,0.47189344282339246,0.963370302928861,3.912543105361855
0.8155506482253533,0.19250380372864326,0.5128816139274208,0.8139144065396493,0.10187820151862836,0.4427800353428842,0.1210396993349907,0.5077537714111652,0.2589910322387056,0.9772479087501245,1.089979400130248,3.7222755749957357
0.20669588281178172,0.046119183964156193,0.5501132180181605,0.07530355757516194,0.27204192309919856,0.2948894544816367,0.9786947932465709,0.7278380960557106,0.11328351078801091,0.3873616100876712,0.7698427741216849,4.425209561930895
0.2921089865294787,0.6702386164231167,0.7440126571384164,0.628871596548651,0.7913459192640112,0.15573045472507444,0.45558233845600543,0.3145321014747207,0.8584425968892232,0.9517539785600037,0.9342980102844904,3.993455568172935
0.44978968172773764,0.7284835855334122,0.6563431515018219,0.05752373041501595,0.24304041076442148,0.8293181391445078,0.9707879273130574,0.1783951591932228,0.8453479925237221,0.5960099802229634,1.092128125540647,3.8710809137989814
0.8257820228657861,0.4539366320510957,0.43949342812745235,0.002717841882143571,0.9082138084160064,0.7999063442423807,0.6650264269180763,0.6178849589490345,0.544539315830009,0.6689666101979893,1.1543310609858424,3.5752055526488413
0.41289069072369095,0.386519505701535,0.7004517280436033,0.17624585593466802,0.9511438733761022,0.4125538345044527,0.18415055085484627,0.9505586193196179,0.9805493533377945,0.7468234589364816,0.9709386060789477,4.06171294071726
0.6952961429055832,0.0994613484143487,0.5711802781988898,0.5295348588550466,0.5814327874153846,0.1647145840693584,0.7796318825204237,0.3218919525160993,0.17709973642128266,0.6809233485253564,1.0185725916249324,3.901032365955796
0.45650296682476726,0.445466841965419,0.8489958098705163,0.5512630929276676,0.8352385979691928,0.8253737705341943,0.852855335598323,0.8113974902896165,0.4079735567134795,0.8535025604815154,0.9337650517672615,3.9149104700560464
0.4107630271075196,0.5704207553448154,0.1837784256424175,0.24092029244474192,0.35828342799711016,0.9880379749013034,0.27590577306585307,0.49329838802838166,0.7998012742981836,0.48498943723106935,0.9809699332441119,3.937009826074221
0.24700718342022157,0.6191364609707732,0.12403010131679282,0.16221467286054017,0.28204790172365773,0.13659787267579448,0.8086316756022687,0.29091146094263026,0.07801884686022299,0.061754056055210026,0.9335689644956073,4.0987058436371955
0.06579135139853064,0.5008888648617436,0.16848167471765196,0.9970831033414077,0.18722579604052464,0.9419559815659663,0.1560258890470343,0.02491562077264143,0.9063857852120715,0.4520576359755722,0.8371041517857174,4.362750476041613
0.29113776040550826,0.9516855441179978,0.9396419773522007,0.883927516420945,0.523530208742403,0.03205851494028977,0.34454927095002863,0.425055353297459,0.40377766294621464,0.49448393412830427,0.9976889477094762,3.8472181490127153
0.8105491137236559,0.824147045594483,0.9889714341766188,0.5347796569756934,0.3425999874883298,0.19549324380019864,0.8683136436313544,0.33525097286049077,0.3762304135986191,0.5642484234496716,1.2575834817700278,3.4236495269886813
0.019777978572176457,0.611825702822405,0.39677769209623,0.5584613437111386,0.18491631997906746,0.08952484471234845,0.46372406039403996,0.8828715750076733,0.30785916476282493,0.32202521506313125,0.7800213148327291,4.291485069857661
0.6443005769480296,0.005153952013387331,0.19502199539635964,0.13419028566865057,0.2168234740882305,0.5278358399698732,0.7752687472815716,0.7373529815268864,0.8223063413658543,0.5989114828479741,0.9506033490497805,3.9802870196176956
0.6676061256023362,0.942040822972356,0.6330426441194439,0.23169228062215433,0.15029128064619005,0.9605416924529508,0.11603795292036204,0.722299836357153,0.2725202966308369,0.7644137457736944,1.2518512116301057,3.543911405997334
0.3128933655287266,0.6062772608386802,0.36802585504701407,0.12598084660035835,0.5053003198906673,0.23710739994270036,0.598930487832348,0.1928768368997841,0.7675623685917046,0.9050898456545844,0.9578473741880914,4.033799380265991
0.433976050829918,0.854440821601737,0.8356978825462135,0.8613464255452964,0.2381837605712625,0.8110442184410058,0.7426431092589971,0.5455854702492212,0.2757898317318387,0.3705454353557414,1.0343413073376113,3.7425466148914315
0.11453413444339024,0.18132880253303899,0.5768880089744108,0.20700250142787663,0.8215881524129579,0.8032005658097545,0.873903785303009,0.02760807124431283,0.08246500475036185,0.7229822961188187,0.7643923321855721,4.456594528620708
0.46675879020663424,0.40376716970703996,0.29339225854895495,0.41752206911425793,0.05437602930002106,0.39748101289827764,0.5783376699430334,0.06917887560546442,0.281518137831068,0.7912673861166515,0.9874848095241194,3.984521246933888
0.919830001705642,0.5597082224282552,0.13074041038338427,0.26054127423174184,0.8684610520339188,0.7637594200332355,0.015506270803223102,0.5153976224514699,0.6610059855384096,0.6723692799073291,1.225523115063845,3.425996945684191
0.37523186468145436,0.8759082269722344,0.7069586112706918,0.5640876556262692,0.6116840094600607,0.16080791853517445,0.21886665786481938,0.4372454595854149,0.688213108578478,0.40775724758430687,1.0458211565181643,3.826042189266807
0.9201308538643934,0.0018528499734573023,0.11855665093155202,0.8848287189504118,0.6966721180105296,0.5417924966591244,0.617109388161155,0.5991500395404326,0.7100496007987022,0.37729438791938835,1.1034181640668566,3.7218322457901736
0.030851953268375976,0.5845359516660056,0.07287841287085198,0.05593047461170391,0.2789195609225964,0.9437821890517901,0.5514343414113392,0.1355527381467192,0.5713527002328939,0.9168913418266279,0.8164971711071092,4.331817277455041
0.9886059037699286,0.7306560060654592,0.78762473532515,0.37021734699719655,0.07950494607619453,0.9932267570061643,0.8701828119120129,0.5782343115325752,0.5134568618099474,0.46827903030066204,1.3349139069922842,3.3040130467882967
0.6919592828918445,0.8682033181758266,0.3027570480836916,0.013202991100232129,0.17056261035870632,0.855739904668779,0.5290234115559694,0.9075141549449455,0.643059859856795,0.26860272532760143,1.2307552033712486,3.5416637904016115
0.6603030810313523,0.6786856266940707,0.13587575734036073,0.9440140770202415,0.745551955398911,0.37600389390929195,0.5351137338972337,0.6650964520197534,0.3087277803947455,0.2719518189972576,1.1507463217331373,3.651277480165556
0.009582661813622103,0.6845315031469615,0.1405178722771933,0.4921550442525193,0.8627175229710716,0.8325642314994589,0.08760177849492135,0.9014276028099979,0.5925937152732247,0.2964195303991279,0.8176902776040796,4.289917657523425
0.07895469528219796,0.03825770799370149,0.36451605483612126,0.6619216653619784,0.6864271895178882,0.5098612123914997,0.4352507590983606,0.9203957866582004,0.48737604667435813,0.7958080118568177,0.6596316253409278,4.512506301422355
0.36188030970075985,0.36034380790374726,0.9695767456993716,0.4715870339234293,0.785135359009909,0.6667898453932305,0.05137236681248504,0.03479830198759712,0.5376734374993335,0.20344726460047655,0.9122321761363026,4.099153855657352
0.9046458955864471,0.15361897497491872,0.6034935886003996,0.09587827592606553,0.24192217971493482,0.36780799226081673,0.006580475595722879,0.45316024371818525,0.14222953451867704,0.7922451612584249,1.1729947563854943,3.700811681774635
0.5064209695950793,0.2458739918821998,0.5042053979781951,0.6836119049263442,0.7975845551751273,0.9638519919096044,0.8035827347780249,0.8362046232818495,0.3649730797437884,0.8005143790302722,0.8752031956566654,3.9311662473523965
0.2647687896172337,0.1493378071279712,0.15727650120926542,0.1642864848319355,0.8532879218017574,0.7272598706666811,0.904127001770296,0.8977009184580717,0.803792869240216,0.5730888063258098,0.7704504083220377,4.261293868550209
0.6853386200895409,0.8043753058713635,0.4513492143901564,0.3105102987635454,0.6744531762240044,0.36425959729280133,0.41678835812379944,0.35980294090645,0.99228971875146,0.03168208034071497,1.1980122711466534,3.5667228616088194
0.25805284538556067,0.48307086766473506,0.2240799224803402,0.5146332794314521,0.9262028861699083,0.8775714129921773,0.8652520395042779,0.09118047063033913,0.7759987715679197,0.01758289548768557,0.8951983351955591,4.145815916368667
0.10858345645091955,0.43317028288344006,0.3352492027374361,0.914968968058927,0.7768647216723544,0.5534484080383145,0.057681001912989686,0.6868784196076889,0.370745137635295,0.10490647534802044,0.8105608601641273,4.322807963325168
0.5716260905949297,0.15064032103769023,0.4088261895624537,0.8192486856637518,0.06581647473045217,0.21731900622196512,0.12485038655489497,0.11688739716580374,0.8631353726126942,0.06561249922771593,0.9714420669233387,4.001022690252676
0.7612799790195699,0.18215076901625984,0.5279153320021708,0.8551944624462497,0.6817947938812087,0.9058045146997279,0.5698756247532822,0.14878676545846237,0.1286565989215082,0.6387020550981382,1.0302698562189123,3.7517368109273628
0.3881874128072595,0.9406628963059873,0.9781306555825864,0.07611608656505561,0.6606775905456389,0.5043729034552492,0.19706791970607604,0.6693252723089843,0.33323547166610046,0.9819343435006959,1.112024725275111,3.824246433834731
0.8532486895474217,0.5818643166059845,0.578216140217041,0.7627556300126,0.6134951799585731,0.44776251755927543,0.5239976240968375,0.10430715027984802,0.5223615324588129,0.4490973500872653,1.1766787995731582,3.4604075277975377
0.28862811896798285,0.8262187423316686,0.8987466350173049,0.8996713086922922,0.38268093655883595,0.10505798456519498,0.9448029808991165,0.42116031193829206,0.06424736482192524,0.04380223148192777,0.9722819104557695,3.9196756752550437
0.4686254273080899,0.527868821579466,0.5390615246638044,0.5381930301098024,0.8719668225991316,0.1345615445717031,0.35399116752853227,0.4222516631105621,0.6779708586799197,0.05203563999919613,1.0143686518427362,3.915528894696002
0.14582443896767178,0.5208947461706254,0.3846362352122095,0.44509890109506023,0.03918865905966182,0.9016482022231357,0.30718710647197384,0.5532406550623455,0.5172700569145307,0.932571371071235,0.8435509842578203,4.234143266178344
0.4796276221274793,0.2240937982392874,0.7900629353464473,0.8807165950156877,0.4662758515747914,0.22141031745666953,0.816176311396419,0.8208475582172539,0.19711080504235506,0.878102376811891,0.8930101528485275,4.005498370977843
0.5759305728855136,0.012695182184625977,0.6365055620762653,0.9770894759294833,0.24880596759510412,0.16939367584022566,0.34773548079104327,0.032438011163880245,0.8414886978600024,0.336419209085311,0.9105338899717104,4.03711664400497
0.9740689147622923,0.14176662776857776,0.5318127752864646,0.3626156224355771,0.541201631274025,0.23110353820495494,0.9393176987325365,0.7694909996261123,0.6463492820738973,0.5931697381834252,1.1459871320232298,3.578558789053358
0.17262830148679642,0.40671297034495774,0.11381289576708009,0.7764681994342828,0.10890227152684562,0.2985389541378429,0.5703474352938139,0.6607707708928308,0.02257077935235738,0.5202417272280792,0.848394964088296,4.284417784099383
0.24206605382706403,0.8925095476129018,0.8689697375128776,0.7124595281887308,0.16329710135552075,0.1829314739069532,0.5567291317231053,0.49082770476609117,0.770126446835745,0.3009440283580365,0.9616918848714736,3.9292106434212015
0.872859194793026,0.06948709725583156,0.3917885998763265,0.9294950509430803,0.9889594098930926,0.0676188311425253,0.748154451144421,0.06257781994078342,0.7959400727866762,0.8273889846632513,1.1119205674916093,3.7505164523601966
0.30393905794444914,0.5830888150572139,0.20718261577012684,0.22758363067834794,0.5464758547410271,0.57010222019308,0.3086847556143541,0.226558750498631,0.8377977447065522,0.1459536111234291,0.9323915012512441,4.03916630304166
0.10673413308041978,0.9475224932181134,0.4621451175096203,0.7437359608662003,0.33042336150115786,0.4281071977502706,0.09354183981960013,0.41301413638390994,0.09966435299115256,0.8455218399495614,0.916408903601225,4.045665834067011
0.7702965116031641,0.8579558619144841,0.9622076608392447,0.4123004472151897,0.26575777523855565,0.3868403222678093,0.15229341986850894,0.5412524386213932,0.9708844450314085,0.08503549947845872,1.2664565807270507,3.4675449168864416
0.5949354339616629,0.035604005678522885,0.6811055538430715,0.35018288160146327,0.57444876328091,0.6283568124404444,0.32567024823399093,0.04496393792110795,0.7807822532963915,0.9007292281384596,0.9283430500695262,4.00923689486814
0.7366287738774431,0.9713191410333883,0.2470375121523242,0.4874636791409246,0.04551918685582116,0.9719272368400308,0.44539915667326085,0.6549238620568346,0.5872321672753493,0.5001374225443938,1.2558693733930273,3.4224368568018217
0.33867984525537465,0.49735616300852825,0.9526685856641844,0.9426962734368572,0.6320521126338433,0.7671749358351572,0.8227302676838136,0.02317314420002363,0.4421103824786603,0.4337971559619269,0.8873685356679245,4.0063316455284665
0.5776104366560589,0.3849771937510302,0.4586251008830733,0.014770328560066779,0.329614508588213,0.6917491322799304,0.2659592956844507,0.9647942089018972,0.49606505847700116,0.40951686192377973,1.0515019103579792,3.896353360060618
0.26337831150601876,0.9370464466010656,0.8579547535349322,0.4630170386856379,0.4724207013557373,0.062249348738939704,0.4970292187004092,0.9028797380292928,0.025833115324737286,0.3409277485349254,1.0239758609863503,3.926123558776523
0.12202821432870078,0.2430023624377483,0.14988553077873457,0.8896017951681647,0.5330450477768663,0.8829547328696049,0.7647479676531226,0.261697749986509,0.2832773552448521,0.8154213737937334,0.7762976045844623,4.4110035112631
0.2378847372799196,0.06408724508953537,0.4127887608175782,0.7274938262653007,0.3049383985965047,0.19339493049729806,0.16317325389006046,0.7347288168950679,0.29541730141709976,0.30919477364630993,0.7653630287593648,4.360470489022333
0.004469573779454699,0.646451811404459,0.3475853380576296,0.7298976274832556,0.6594673725685645,0.2543571981996435,0.8906920762146461,0.5546813787133539,0.3884893633781978,0.29971836971549304,0.7962394214418232,4.304696202219297
0.37321276508510626,0.026868719793866975,0.1910081773042643,0.08339414263488704,0.18293125517462838,0.6766993596168646,0.7223452862245766,0.41106961712564644,0.6348304531422269,0.23047132905687784,0.8545836404171644,4.274612952944104
0.49096022526852057,0.16175971554577406,0.43569140359236563,0.9316415454938382,0.31777379590412214,0.17555830593583002,0.2949116595198456,0.8801477946245363,0.03709018949594662,0.12218336783924089,0.9235959096617221,4.065835785099611
0.42036290004190024,0.5948843218709539,0.4498372487858609,0.9959332601580086,0.4831686433156592,0.9132135015593341,0.6159602049517764,0.23149755206649014,0.22125007976303399,0.5230822256818355,0.9828534899497383,3.9061458984836728
0.2710884337539892,0.5284033256528026,0.8072489793460572,0.70708978687505,0.11935482856494968,0.5235377570982749,0.5443032112398302,0.31204417860612604,0.5550696907815408,0.2657144549899281,0.8982534003006787,4.095318255430093
0.6320502245226035,0.982235769720969,0.17424247016976938,0.4562463106893492,0.7993517916265593,0.05208291279053066,0.6762012164374751,0.9683380559582923,0.752691886728886,0.5912303703441242,1.205768943483518,3.521016779408886
0.5611808850935893,0.6580827868047069,0.3998727794544519,0.9058915645946598,0.36177004679395747,0.37814840754861523,0.37604143260128425,0.9239551402172872,0.7914075651642353,0.3150109472253748,1.071021208959091,3.7356877912151765
0.7779381731436525,0.40039234121644596,0.8553247231886867,0.4910889757727875,0.5859806498158319,0.17875497939371846,0.703860294195878,0.6704104861119765,0.1885561630200024,0.1126782186537727,1.1296510893748546,3.662449573747041
0.6481574432970424,0.7112648135494528,0.8870679277848985,0.18740250721626966,0.5499070794217051,0.19077259183055198,0.8895270296394298,0.8531952674958883,0.6641200900854559,0.39261771825351227,1.1605693796907153,3.654884604583062
0.016428128179711274,0.6129650141646138,0.7892668545386936,0.0018188119150953953,0.875522923396749,0.8923686454776864,0.9013717834191303,0.15388073145386347,0.35382594963896985,0.05648304382777748,0.8381310687154359,4.353765115822409
0.5145771426517758,0.02446498549836386,0.38924213991388973,0.8939059590676014,0.32502163768435455,0.3906936790924267,0.37863411031459,0.590803015886185,0.4091259683146646,0.700093121964012,0.8764464349947281,4.086231981893292
0.05351618225574665,0.5749659794311127,0.6826529532577987,0.7948709982103686,0.6554120029881356,0.7125148968982757,0.3625813783284256,0.048503841235255654,0.12733762393051823,0.01277468999159797,0.7717075984965623,4.260208840539608
0.9982601813923804,0.8307575972528696,0.2054979710364038,0.35816622508622953,0.09746193390482834,0.5159283571253868,0.7358173865581102,0.23798223933814922,0.059790234566955605,0.3441143630141361,1.3665705938525123,3.2461121238242896
0.022619052582792672,0.17573039181925015,0.9663766142370547,0.3616969392815606,0.16049234542004778,0.7364172968650744,0.9431512888294138,0.3087286319857964,0.614386011271212,0.5848974691031918,0.7206054784785941,4.554879105739968
0.8358297166315227,0.25090166771886974,0.28423578567346386,0.08423968397973478,0.02767420814252899,0.014289901848272085,0.4200926818015029,0.48260230060219045,0.8267665037454037,0.19493484739524536,1.1405954475140443,3.698674621777608
0.44219756137787275,0.9522095959780076,0.9440037183964635,0.7539168001324401,0.5274335799059247,0.5035352761604005,0.5152657743199298,0.07122940607026845,0.7722376298961271,0.15450849083374588,1.0888296781165718,3.711376139066257
0.6732136462774224,0.7240342785764047,0.18104410720008265,0.2898066597542711,0.8069004155084283,0.016060179873057495,0.4120802004466136,0.9424082868973066,0.15082530348326117,0.6205923544758346,1.1840126452662525,3.631166466917815
0.7259999921865845,0.13240609469047157,0.9701153661347657,0.6918533653927779,0.024265817164952318,0.12662070152486646,0.06286557037517486,0.3338016417341013,0.5213304338762744,0.44114708305205014,1.033171760406828,3.8448672011090976
0.6785087931324258,0.20156922992050744,0.047014545488401685,0.24976649271964113,0.9817048107269503,0.08619925296600757,0.009962998050702429,0.9317964621555341,0.2974155537323624,0.48339870925147277,1.083703188311846,3.9147630761728265
0.054120036417988356,0.23283637448974814,0.7310223317352168,0.5934662476668885,0.41866107386440216,0.551680966241818,0.20080272246954634,0.5277206105125065,0.08080350612699547,0.03519369273515607,0.7064180921204459,4.450610756626152
0.537230479091243,0.26120535572197356,0.38011712633693023,0.7397399104656258,0.5860254923192374,0.5355558201863563,0.5745993991956836,0.7672708163738692,0.9762438036284318,0.41613526616985,0.9395746689776432,3.9378249335492983
0.30650362492005767,0.4643757851956267,0.5605813685513171,0.595024159535024,0.41423442734091886,0.6178484736848882,0.9860782160563367,0.11357873971411034,0.4677287470722911,0.28626489038712827,0.8954639859730378,4.087426709696231
0.9270082025525177,0.5387816108640967,0.629232722694092,0.07892828714883365,0.7602507101228588,0.8560879143957875,0.5723624318284376,0.4443922931119895,0.046335781785906464,0.4112970239021922,1.2428849330316618,3.4482864210548123
0.21898275107286985,0.5671077755187721,0.3581396245041691,0.31747427952209656,0.8577404259746962,0.01966591398979453,0.35098991395051865,0.6251296377626249,0.24977107554887598,0.4603968638198716,0.9100169992347723,4.1562120409863885
0.1419477066970306,0.9642292551973586,0.1991444265466311,0.058153134605371255,0.8197377664618156,0.9345381547243024,0.29795795110819323,0.5936360064335262,0.7490983824206219,0.18716214146806529,0.9421547204451329,4.006061219001568
0.7099792406341278,0.01572769181555375,0.7979199166049586,0.8623540374869396,0.8898630306467062,0.9557229459844977,0.42879912723977,0.23853464208229053,0.6577217818247388,0.6246606318749816,0.9275890964103757,3.850824466597519
0.1531932904952576,0.9845799100642709,0.46152465986152147,0.34844722429374286,0.049188282595268855,0.18531344497804902,0.8423949489655932,0.3467959526042417,0.39036315929973076,0.3492762911742078,0.9683086691954834,4.0000838009043935
0.16565795819934429,0.7438732356928659,0.6456148333990206,0.3929768256318542,0.8765087935181107,0.30359905550325716,0.7171579724429673,0.376573215352054,0.8834290241210168,0.3984860780449064,0.9216334423564917,4.115241578287826
0.8979194087408691,0.09048937681972727,0.2675599007862939,0.2946586755532338,0.23304088717428775,0.17059220077780676,0.017504603812923545,0.3298554740290455,0.028261545941411764,0.9984675603230232,1.1327321564189266,3.7179860106928277
0.5276576650992335,0.6720158513862238,0.727234122189031,0.9891877333469598,0.458400776233574,0.9174728117484988,0.694165752323395,0.7189052853298451,0.9280131354741908,0.8577808804355175,0.9881768241133246,3.6926784379248065
0.936974389480839,0.1591365760885204,0.7221293971797115,0.7726894921131675,0.9737582713741753,0.788936413609587,0.3695418117906993,0.30084494096246794,0.756005478465525,0.23588066093081958,1.105257930717545,3.580443914429896
0.5813069848470918,0.3885941213846891,0.041590871820105756,0.4465692366752725,0.7340994095723365,0.797036840952072,0.5042665457996234,0.2719074351425947,0.488183647202966,0.5065952455530082,1.0176460397198537,3.8542399714106996
0.6029272816753738,0.34522554982360076,0.17823309355259187,0.36746406879886895,0.22439483140401303,0.6491757838002619,0.7004804232673395,0.11135324727271988,0.35408090406743264,0.69494572326241,1.0421713089177842,3.878861224037023
0.7473388404290366,0.44725559965993233,0.09570547619759512,0.0057109365136546126,0.9348100269906537,0.5942950298373697,0.811110441250216,0.8922227075809316,0.6129435555743891,0.0787860416716174,1.1215775517171127,3.6651275913286083
0.5433097112223791,0.5228109954781353,0.9425959275651841,0.3000948239091959,0.3146082409569318,0.5579486096415187,0.9569257415514507,0.4959412452072008,0.5275866364536566,0.5384449622766622,1.0501155775841113,3.8430427641419413
0.1851237989155036,0.6456905068906414,0.37714159793583657,0.10045044940571132,0.2969866023603099,0.8373637873487842,0.16824711445719162,0.9491141525934731,0.531496978729275,0.640886032020016,0.9141275029943122,4.152173924453076
0.9174547919019909,0.28552583855958474,0.6349562751558823,0.7168935083384305,0.14946950360023312,0.9034529658663069,0.09136144069289112,0.6892109830889739,0.368011072026886,0.11848171037286154,1.1714443113468418,3.5811177445741667
0.9539200736654835,0.7799903760637058,0.5184863205891844,0.9114676716569493,0.45408877481286836,0.22826051911344092,0.26923864351954385,0.21466467510843742,0.8439953875780892,0.8855902845052341,1.2757828311891517,3.2599099386431467
0.40181732521774033,0.46111114880112014,0.28369336581664406,0.2216202608887463,0.322417841636834,0.07077202809912385,0.35404278736702177,0.7051842652410939,0.3981554886391688,0.1830857956708187,0.9689454955136433,4.020386146086192
0.49941557157396194,0.20651681272094297,0.41933118737292346,0.6205840101777923,0.7093892297171797,0.38349486295123897,0.38525293523030113,0.24549539488893607,0.9271720353512838,0.9901889813257778,0.9031087759674093,3.999097809065759
0.11236938409997499,0.3103336164515724,0.2776280234036843,0.33619558687555556,0.5571073994517503,0.4765355250336252,0.9628761232848652,0.2941862001214768,0.3396801440702732,0.9087861908799734,0.7669151810360897,4.365610892547448
0.5088303032324534,0.9143900272047399,0.520788929390218,0.6327912301658176,0.7369036354864621,0.38978134051063035,0.6507043894204387,0.8284149801183892,0.24370038216190473,0.8217503576617029,1.0874308824439678,3.638392907191733
0.9786885564413801,0.033082380293348715,0.5663263178323392,0.09053831349009735,0.1740425587258124,0.35155350541428204,0.2810607150570899,0.6781553339930833,0.28469303631889115,0.8248837660494388,1.1674891521321888,3.674644532250107
0.41563619647109823,0.2999813723507869,0.535479890762396,0.8954382057713389,0.013915057202766933,0.35567700733813534,0.5269240508100951,0.936641557696703,0.9743014292925628,0.28479535112447074,0.9082161601468246,4.059775836177087
0.5415711231988655,0.8091690672847488,0.9366690021788909,0.010509486822662971,0.1209652946709551,0.8081652996331146,0.9237502989787721,0.459724441508235,0.4585953873222109,0.4054556317283778,1.1701423453003206,3.7509088600384604
0.8442244057463478,0.2866069453605773,0.8638996678714141,0.8403876332078796,0.62165960351391,0.11063395702963046,0.8338466217113478,0.09200376019265999,0.13491977892587945,0.9299726105874357,1.143684690468377,3.6623928728284225
0.7201900847805055,0.7019514834609341,0.6431135880162658,0.09741609169054515,0.5595285432187589,0.1317125380979601,0.4830301719982514,0.7098469442536293,0.4338519743769724,0.9861320055634696,1.2049962917997266,3.5982475520332677
0.434256130968665,0.7893658389306459,0.34399147803420027,0.79806386675141,0.06241986632799639,0.2466555304299107,0.9581802672288453,0.5616692752704898,0.7241536350822467,0.5198701832812461,1.046605144389047,3.8031965687380653
0.17039474052050632,0.35157815772903755,0.6169467885918031,0.502208140844908,0.4507028850622486,0.6122416185431835,0.4858188598955961,0.8708069135774316,0.9119475212466853,0.12454512888768565,0.7951416844182252,4.275865955340688
0.9386956273002055,0.13801036646437376,0.7816292396811054,0.951790844252826,0.9631538799104536,0.6997109950286373,0.25246837162555485,0.6928291295733849,0.0873579077345916,0.4277818472368516,1.0968905264349282,3.58533931063634
0.35128703754405355,0.4246155840570135,0.6511978421375111,0.5543236072214971,0.4520061140834355,0.35674494620347424,0.06602273998161096,0.47324236863582747,0.5912621685015106,0.8078852795747251,0.9041680060032238,4.058775761644384
0.9353829878139671,0.4273998290073213,0.12354732071029495,0.4290782310854929,0.6998624356376352,0.8889730358561387,0.0016253994895378493,0.5590003783799125,0.4217722600507541,0.7045697876590433,1.2068047394032302,3.4831803859267887
0.8428192240972644,0.43498262967034745,0.585639460410307,0.33819378745518164,0.6375121931082444,0.8997688193529819,0.11923748314078482,0.5196672304845417,0.8159892285231846,0.6168397361126612,1.1525948100888028,3.5621290016901455
0.7698057931995208,0.8372249072327707,0.90548413965658,0.05157890173592708,0.6534969005484083,0.26951964361438857,0.27710820326731406,0.1631852387078411,0.8844795433409011,0.9884754620595569,1.2658158950719207,3.4831885248480616
0.5344762582572673,0.7982736767674897,0.5741790046237744,0.5184318232638767,0.4439117901736589,0.7469517156915704,0.013272361230921358,0.879329176412308,0.1617411728332655,0.35561159865155917,1.103305291228852,3.702885646267334
0.682917351875904,0.4481439736938147,0.8055878938140371,0.4192764670120174,0.21543505357372617,0.5319102613750305,0.4485165463352544,0.5955028462035181,0.02755273600525929,0.9833544971591859,1.1064506585184752,3.745966650434258
0.52831062514773,0.722110975038474,0.4455726644581981,0.7313239736498836,0.8643941025045285,0.3317874145465175,0.5316888272819108,0.22395464626181608,0.888801269541953,0.8800038162502987,1.0602747882774097,3.726225619276959
0.17780824363813902,0.5141457606879484,0.9262906332260175,0.9392135456765045,0.45656105289443627,0.20501687346304578,0.7473097516276352,0.2873672569062601,0.5844203511485959,0.9071024928667697,0.8231615666548774,4.170839880681707
0.6566638740009954,0.03709569712806985,0.4693037984108652,0.5460907777931528,0.9222029401398683,0.6890148104853019,0.9372733304322356,0.3277268393626205,0.722485339064935,0.06211281108234678,0.9637297457672532,3.950912161919708
0.7045419145525615,0.29279860840717703,0.6050661392398415,0.6169024196952109,0.6188899108594116,0.7871442757773471,0.22681031672222726,0.7203348498693909,0.08819757012062873,0.8688823280499642,1.038470031040995,3.76205820290677
0.5390493656504822,0.6333718070383655,0.44238543487020215,0.9695550923947759,0.021168172564021998,0.8649987063791035,0.8634747343595649,0.5218939477686524,0.6080313943524845,0.01139583984950696,1.0853976918088855,3.801794788054388
0.3450028497408089,0.20316767085524334,0.950622672455554,0.3867767019606172,0.29469389707168403,0.5733836691488392,0.6618795770784234,0.015467245547645784,0.2114870259380054,0.29249612044383305,0.8891323008276418,4.219252273074996
0.7648582889399896,0.6381651735680978,0.8471025821819799,0.4538742401962248,0.6514407835293136,0.9839534238523115,0.40660918203515173,0.09669296932075663,0.9876037958626825,0.19082086631011283,1.1835661845466041,3.5576548709605467
0.3353035267952919,0.24976666128996627,0.8892720991433277,0.562309709484678,0.7674215226288381,0.8055613943401345,0.8188836996426236,0.8855560042899302,0.16264923364665768,0.18023409703382254,0.8222716608994446,4.131991374739032
0.4177425083609686,0.25214851685851897,0.9159271415110144,0.19071083574897224,0.6049539362855622,0.1865791338770133,0.6329770163223342,0.03091048833429508,0.016663884051796297,0.8836847971371616,0.980435150930156,4.1647100007448135
0.8467341639890348,0.7526397745678185,0.7365681718962555,0.5528882329378657,0.5438081088041803,0.8502435585106263,0.9517501971132941,0.9762402049902289,0.8296903665865194,0.3315248371564781,1.2078226861240844,3.373241609214668
0.43758176672470506,0.8591969295418587,0.9111688684607273,0.4054836822255072,0.47165175255264546,0.04897762411811099,0.38869726972232715,0.20161389552694503,0.10304723245416281,0.45910064278337825,1.1075110312592265,3.8067406840157747
0.19535957785166205,0.3420953527205989,0.9014021217424251,0.579361262367145,0.8454246327693344,0.26162495821197973,0.5182855774221576,0.4605042475742325,0.5404905132332635,0.5434048500945404,0.81446596341109,4.264855082093148
0.40754134737569725,0.9983811824913399,0.5337322126028147,0.700793151631634,0.9385647198908582,0.7168216312876038,0.7399299547542765,0.10813520447927273,0.5062071444916573,0.08372147335534534,1.069782680737594,3.7096847728055433
0.16996068618856333,0.13788035189754688,0.3179802288721335,0.5810830845982532,0.32197431749277466,0.1331199884078425,0.7639153919684473,0.9325716251939424,0.729833799717983,0.38900957057758667,0.7359616604874206,4.377610367281416
0.9498041697898204,0.840328735193402,0.7577217408169225,0.3726561839760034,0.5636119576182201,0.7200122847999701,0.5421159648506108,0.5564420440291373,0.4811210797109191,0.6617430470779002,1.2956386295641011,3.240685823484319
0.18883307397746643,0.3083555265818381,0.9487905202375884,0.34120716689208014,0.1536397321175386,0.8755871675638758,0.1477036498749566,0.7007837636613506,0.9053569103313258,0.020653971528430664,0.8658864798158964,4.351370223913317
0.16254368364384328,0.6027253827955058,0.751925313313665,0.822810294329838,0.8295218249369604,0.6973886678208028,0.07659047293526546,0.39470515716151183,0.5513105547641725,0.7073362810736348,0.8217414233380006,4.125881860775606
0.9158569591614991,0.9580041196857809,0.6791897312380845,0.5075472281807945,0.030262865107322654,0.5832015801819294,0.6698393232584353,0.19459009291426949,0.43655979401515743,0.8430646815121916,1.3505587099911318,3.258270181484548
0.7294392162283292,0.4955161280888062,0.8034677671024287,0.34371624921481475,0.50311233599655,0.11540393185386505,0.9976503176626896,0.13896605032459164,0.7434481669018259,0.7631146908583444,1.1549124559811252,3.689116535572027
0.7225508370682605,0.9568007229874986,0.15148238537777997,0.3272388531975783,0.8279709116644851,0.6217745816395899,0.40964907325739547,0.007005240120797353,0.06708546529978031,0.4196708334671153,1.2505391483463817,3.4491123505033667
0.706715444029637,0.08700772661272653,0.5159225422186843,0.3765150621982886,0.05612000632405945,0.28437857112205434,0.6729544004537154,0.8175746609600046,0.09411215106604436,0.43003431464360614,1.0094826092767168,3.8841536482727164
0.05791056139567249,0.7188903945779719,0.5109107878191385,0.7684305144760472,0.843220861658263,0.2194550835666893,0.846030541536527,0.7827666666182758,0.20155302113041365,0.6700867194546701,0.8238280946838507,4.1977944566568635
0.46398644683538204,0.35643886563714616,0.11197865926855718,0.21951133410736812,0.7884124566834426,0.6108158427404438,0.33296775538542034,0.7744642119008088,0.8325470086168455,0.9757362028725465,0.9365004701682761,3.9731916506873435
0.9310859250410446,0.08127094566628729,0.7321926223918762,0.4886734950192493,0.3488616633600189,0.7647446020070567,0.8277603117642637,0.790183161161799,0.5530414285258599,0.5703911831831785,1.0939516515780334,3.636369554766751
0.7793115222867008,0.8493822968163769,0.8655765732734136,0.805018158036322,0.67106472948018,0.21121894567559613,0.47137835014538193,0.8099394463502404,0.7388172148224589,0.7820635032015922,1.2043894624327138,3.39838545639038
0.7102731609748145,0.761845922896779,0.5458201199886507,0.21062090445575596,0.7869881095133289,0.00937018270068253,0.5670066345767151,0.31861146354996384,0.3512754991668786,0.7387016049554912,1.2235726884273264,3.5867785047925205
0.2772289781925833,0.08474422080476289,0.020043023110914174,0.8491947610539702,0.39909324298928056,0.2636195965749942,0.7084579285086022,0.6451846035945514,0.5248294135877445,0.8667657893800835,0.8159031642607724,4.3365015313683255
0.09248999737433322,0.40451529063116565,0.27141972013392246,0.5919415014353345,0.3123668356504505,0.792597381840335,0.7103654065025958,0.4542386081798749,0.2502096770740009,0.44308788441639274,0.7799085802157989,4.337787116180925
0.5318497779481466,0.6559898199083221,0.699809314932141,0.3969428163904302,0.833471972035513,0.11803716763574669,0.6224692713534764,0.08262524995108857,0.7601111027584477,0.8294291703952527,1.0890659416782404,3.7992989098247794
0.900887130806117,0.28882580588839357,0.4795760767314858,0.10984235982918583,0.3853864233926373,0.38163307616610026,0.5204192859090798,0.4055647569410938,0.5741354578366566,0.31349386561631787,1.1721430128693062,3.6041929622438356
0.8902304272831433,0.6484611660141457,0.771433622182529,0.9083661658620422,0.7271308277389203,0.45162906623486065,0.17877655779025448,0.10313753586931335,0.34947381639117414,0.6088323944762157,1.2056515109050272,3.383959995469703
0.3980445037104442,0.43735611172613487,0.0713809944868022,0.6155344644421111,0.3464606671191375,0.3474761127101296,0.3178002772006944,0.6268240001078932,0.7322041151494327,0.5953803994253856,0.953950740842999,4.028866901482731
0.04505875405717111,0.6870783022298298,0.09931758351523573,0.3748621144388441,0.1291397069215229,0.12046241262920905,0.25834302276576737,0.623289162460876,0.6063378369795953,0.19235830765672587,0.8534478532553398,4.270550995497211
0.5033882187735624,0.4136997031064824,0.12774336801782687,0.567278494937494,0.713893423428806,0.38497014983826794,0.04608770183258384,0.4063155043702099,0.9222262282161955,0.00768201413737953,1.0331633694475904,3.9678062639573852
0.1386006423074336,0.5777084659341556,0.13835469764509298,0.1330967101510547,0.08229407446971411,0.8868978579675877,0.4056187773391645,0.050622512161698684,0.5834679228823596,0.9243780678693766,0.8782091235459745,4.237026810634207
0.49783667332330384,0.33789420297668876,0.32852583240177696,0.17172979655179182,0.46807434963902694,0.7008774369042968,0.005522496353571764,0.00445659657511667,0.4452176454946877,0.14849612472627033,0.9787153462091809,3.978539683991708
0.31709694651606296,0.6082769658809584,0.7402151935775513,0.6955803414564207,0.19132077410481324,0.8524762419791266,0.5630188443740582,0.35713466915518277,0.5629147605751792,0.037974574309643114,0.9475224201724904,4.015669275987678
0.5593030874571857,0.13100820768200594,0.9120656101382195,0.9331394662049124,0.035694697326091145,0.4726450002053739,0.7692113485254098,0.24384086576411948,0.8491157209824367,0.80490171633055,0.9234568463468111,3.9862460593995284
0.15565810528291177,0.938917105196758,0.5739948184596046,0.07062621609208976,0.3951767076240425,0.011595537667378083,0.07349577002590552,0.9050874332868597,0.15672006367513083,0.9696389110002387,1.0194584633045896,4.081783476482653
0.3945047513205151,0.49337340400154683,0.20355686243712404,0.37879833002903845,0.8140612312269149,0.5389836449788116,0.05885011088167778,0.760925507123472,0.256511527402844,0.19738596121595428,0.9662674943489956,4.004480314367063
0.3432653122013507,0.2702798788000856,0.13267282422633314,0.45586259183038025,0.5366660493369491,0.004283881664197297,0.725202649708695,0.5723747135317835,0.10420185265746311,0.04875809075330016,0.9025829246250496,4.184975047222959
0.12460857089198267,0.9045149876939891,0.2860296614371863,0.4393733659070413,0.0606805270526951,0.2880565370661605,0.5251467939242738,0.7778486550047762,0.9322466776729018,0.7207026532715062,0.9068800710659778,4.041580973957512
0.9862816726689174,0.37007428970195083,0.82058046675259,0.6577818508573766,0.782032997035246,0.929096309463263,0.849799352125549,0.630554416769053,0.6876812503435857,0.6638673972505107,1.1611641335911562,3.4041859073113168
0.7877354076164654,0.14604074730110642,0.1538925468998167,0.7366216532896492,0.08189331631797171,0.7681859253234102,0.14275924430981116,0.34516050915333935,0.33021787301338956,0.509002448277753,1.1008478924244889,3.8097142205239605
0.5699254902901666,0.397627504152891,0.21267447005210324,0.3805685763698371,0.5698329988777092,0.20848710525883357,0.8310501087052666,0.7249102842370886,0.14488953049288147,0.8231288146544921,1.02402285689753,3.870913993347612
0.773228196068311,0.7086101726000525,0.3664320618063432,0.508094212863793,0.3971977614413207,0.05067977720391224,0.11090899904192567,0.7986535856713564,0.42253625194375016,0.8623193782892291,1.2080972299530195,3.5167973064005134
0.7403070761341582,0.050606827197547576,0.7995114178424134,0.521048464238918,0.8403389865341179,0.9503759229904835,0.2472958578491012,0.5115848305340415,0.7451653183052637,0.4760008141021102,0.9859668354100569,3.837551100810659
0.3046460674242438,0.4707987188386125,0.7042045315638681,0.33518761029766514,0.5714507563425241,0.5696522152599195,0.1728034674144206,0.7495634172931707,0.26322461691512417,0.31855177388102446,0.9100892153808303,4.100021075115506
0.35363337587232907,0.2804747734237528,0.422383278867155,0.6707147428082806,0.8933475815489044,0.20186295922771277,0.47392490909236235,0.9263681939785466,0.45067900150712736,0.7560775160920276,0.8732568348904781,4.13245069101417
0.03323788581129343,0.560889865669097,0.8459314347432212,0.025843710500257168,0.3332191902276464,0.6867143245713361,0.7859599493897458,0.486666441613098,0.03049085549797856,0.9118259781106728,0.8458788250143466,4.375354597045584
0.6939637796097234,0.9765057145495711,0.8276447954535203,0.2967928677928201,0.5315932200434592,0.48908523498679635,0.13568049566820942,0.947625917206556,0.24490099051237313,0.22329766756685318,1.2501070506858483,3.4767820953590847
0.8561673987638698,0.5107620426451879,0.38386861987601006,0.16837562489095165,0.22356796060370573,0.40362344805570527,0.25721182885762667,0.8187883029868125,0.40054748921176286,0.5139471364059051,1.2039644561275837,3.5366418259978882
0.47003466088665286,0.1259597769460191,0.7539826375618842,0.3993867185895181,0.609941772496221,0.08318498159261709,0.6415553130580637,0.09559101968041372,0.4560824157328693,0.6333137258910685,0.9330895839561464,4.133567759916653
0.22779875586125176,0.6362620227795676,0.24283097650032437,0.305642151060559,0.44694928893728364,0.0804467247701663,0.46977688620663577,0.6743626244050483,0.6839652209090945,0.9148353935787134,0.8976477467383492,4.078753095861797
0.9938760733090584,0.9783935314995895,0.7783704256500993,0.18155905859441818,0.6290951955327337,0.4345338870829047,0.3969612782368976,0.47091465217633655,0.223498976117928,0.21898334568404626,1.3938835499405307,3.169274291352251
0.9584314831329781,0.8878992655641815,0.22760908429837803,0.47730789737788276,0.010491943772527906,0.22541735876445235,0.2875542991118385,0.3635403999570321,0.9998928240662145,0.5593848622858449,1.342676393766741,3.239104719894138
0.13285927207307727,0.23892706687561088,0.47432336542459147,0.4741481396831169,0.43188947268917116,0.6623663564714201,0.33188407284076815,0.8020943952077355,0.33485239050263876,0.20501019930390701,0.7437192506606252,4.365235042394301
0.7382625201030681,0.011489560854905202,0.7835592085779958,0.3077444138756785,0.7192483189594885,0.39934705232137974,0.5122533002547973,0.9391681660052287,0.6924689817941369,0.7732383209030943,1.0052076931596339,3.8891967423638527
0.3544123488339316,0.696711852521324,0.06247766877239492,0.5882713748228909,0.8911049822622299,0.24879350498191466,0.8773170865845296,0.256425965082409,0.3660987893788165,0.5295764227990631,1.0297782336002848,3.9756258209583946
0.7180662509235011,0.6503124576174847,0.34980983428028994,0.5713777760152561,0.8303113983545072,0.0008095952947000942,0.021671754239690318,0.9179800665656463,0.020863066740927715,0.2804494575856723,1.198425798862775,3.63359207926441
0.007706735553904231,0.6288725964967451,0.9469977067488183,0.511005599958785,0.1552941222684523,0.202760517960725,0.167840069844705,0.7897477992719008,0.5764894525105232,0.20872016435030985,0.8159827072929084,4.332768156589493
0.37817746759421145,0.781134348065926,0.5680038351951192,0.4794614236258663,0.7725118280207244,0.44839249219283595,0.23248167306079914,0.6677185908535662,0.6007733392432505,0.30321761833192823,1.0176653913357372,3.8645484288949756
0.819102061396148,0.031035588901860166,0.8661353958110264,0.08902565682322713,0.931625605500812,0.8809128091173795,0.976170484885513,0.9952982044367178,0.8396350580909947,0.73439074780797,1.0371912293718861,3.785261445601269
0.382190040362154,0.09350219784253117,0.08538061450532002,0.19616279320332025,0.06617611988540135,0.4583695085093198,0.12603425045616667,0.8863303201625459,0.9880902185053001,0.4676304746599066,0.8843068316489381,4.240895122723809
0.2994033568975733,0.3590659352307949,0.11528704638930157,0.4813003654514134,0.7529416632500705,0.07390594782775087,0.5009428649615031,0.07580278637715308,0.5488695481723551,0.9312697619772417,0.9147040057542952,4.196299518984839
0.841963231852743,0.5160454816911313,0.9941005709009252,0.4613781869713855,0.6569520540727497,0.8663074299913938,0.9608207418481294,0.21661746753119054,0.892189282772767,0.0923482125418694,1.2003504613946154,3.5503715023471525
0.8218326380575227,0.5683992255899234,0.37297764417838464,0.39429027312617676,0.46340866508402134,0.8631251697384142,0.5111412356353559,0.9413761125473668,0.5102961202400421,0.9551213568966498,1.1623544689866645,3.5033060927079376
0.8842566794228892,0.3212531058715567,0.892224131632886,0.8780643099047043,0.13361394261630102,0.7336960366269241,0.16455895464278486,0.30544022892856837,0.04087960143769964,0.6981137538036739,1.1539670593411036,3.586642210803102
0.6525288878293781,0.8436242036821388,0.6615237552673462,0.8478811422978193,0.572706717203156,0.6696321377663681,0.40342883829785653,0.5808184089475309,0.9527785012209397,0.08826456993098075,1.1256718604010443,3.5141603758953734
0.16762969192463098,0.49034976386442886,0.4313751813252927,0.14783120406051806,0.4100288950688628,0.8231290218024243,0.5177979430064827,0.6847297754486416,0.7174540462869893,0.09523249054575213,0.853892089809132,4.234685229023864
0.6061820101284643,0.6696424939944329,0.03207066220028019,0.9021649429131385,0.7566754117027308,0.34947808194461544,0.1742446235816097,0.6586386869608862,0.8777251360036169,0.7677440983473364,1.1425161486966982,3.7310112630081766
0.22024138351312297,0.11427014463766658,0.9589487276450884,0.500267096613742,0.27158271275538537,0.028791550667247638,0.29805284223341244,0.4794307558281003,0.581772668246046,0.9277833418532855,0.7833806141264845,4.36731593037855
0.18009607024518842,0.6833490384866723,0.2105934216001983,0.5742121161270345,0.12776924903473638,0.9681440607324727,0.9482875216107961,0.6408276298263416,0.056489027143366954,0.13269535343570094,0.9165108359174486,4.133854951684661
0.22380186771885785,0.4227044257467289,0.059710549784198666,0.41536443645865767,0.3739260479978399,0.14059594180076845,0.23488710580399053,0.39278120607994843,0.41942159670191803,0.10228645658821334,0.8857872794579326,4.233056158569599
0.9687081807344415,0.016288052612175263,0.25933054127394956,0.3254935949336099,0.5209870912213255,0.6258010344928308,0.9297254227789559,0.2246748859305899,0.4175051579647282,0.3819683208806928,1.1091874173640988,3.6439091068033047
0.358178748225913,0.507263553049555,0.6489964748531255,0.15903810201544763,0.23019191642092773,0.012268512132417708,0.10530367578080572,0.4471840359316546,0.9730638521562993,0.36424716236274585,0.990020693780743,4.072304906654708
0.1378738216878602,0.9328292756622857,0.8304839741567076,0.18404789618793696,0.9663678902137699,0.3697487695391531,0.829136991988338,0.3400677052126686,0.5478534915770538,0.45163666775613676,0.9763698993576028,4.0699372100790985
0.5475603435698883,0.5785578886853047,0.3751132162782554,0.8249936909935646,0.4902542649372222,0.10623247620139391,0.7617458731931424,0.7448950976026745,0.750574900749692,0.6594940267014014,1.0364082156190633,3.7811492837502527
0.9805077815646398,0.43195689769789225,0.17676216660403052,0.19862268080802242,0.4480743534625415,0.5760914018011828,0.9269482693162362,0.8614540678546982,0.29228765556262093,0.9233498377888248,1.210315258575212,3.4155859129548327
0.24136028145006427,0.80269333426162,0.311239870164018,0.5124180407646973,0.015685356948357508,0.5967517486720472,0.042655825716804575,0.15098901453899835,0.21278102645645267,0.687081538667403,0.976744635521124,4.012684212649813
0.9512849631126806,0.028394061730297376,0.1632164963715768,0.9236478236360616,0.01860792183417409,0.10231206309474483,0.5964116691274044,0.1738540054037328,0.5382349003494222,0.44407006535899307,1.1518090910547993,3.703586100088055
0.12958870410942122,0.2317630175511027,0.9845019871995473,0.7914447045932241,0.26903592273932947,0.23893374003386922,0.32065697227233786,0.021708395794884615,0.7370050454623239,0.7505276209750703,0.7374163884459136,4.369211069118455
0.251392254331187,0.40865786147016453,0.0377755345193032,0.45034803189737826,0.9137911761466125,0.5466732709053829,0.6977956746686639,0.06615796093991339,0.9355858388614838,0.8701345513481205,0.8828632771702449,4.199281499570841
0.6142144434967982,0.352054386946215,0.32581422586709485,0.5848707937945719,0.23783079242295938,0.4626033403725772,0.8671090492236159,0.6768367620859287,0.2164066660627366,0.9020467839785213,1.0192795818701406,3.8339171264152823
0.03681989236008146,0.21724577167441614,0.7290311723587186,0.7746989405152944,0.5189392537161925,0.17652034072991876,0.21054918185480634,0.6562744360563016,0.5197394481441033,0.3859968723221575,0.693109790587686,4.4749456232917515
0.14788833021531395,0.33266151098595953,0.9196472633304984,0.006668207730707105,0.6787013702128175,0.3115739593446897,0.3725024752577098,0.07643096462981165,0.6796918453510131,0.7439338670777795,0.8426328059448791,4.371304177382438
0.676987843829791,0.27685397341225415,0.58785500671572,0.5222234407130139,0.9478280163124683,0.739645720476963,0.4534583372654603,0.8145544214398929,0.8979786376018696,0.03859019282732316,1.0291008906256716,3.8059786448217947
0.6233921602324634,0.9499829004769668,0.37123315422970155,0.2143575862501497,0.04284106656934879,0.5558724311272962,0.28942702609557397,0.3105493369242492,0.16695267101897507,0.9646981902018651,1.2153378297175546,3.5677624140111344
0.9024161272745584,0.34675283009804253,0.7185420454051231,0.7565696750923041,0.758224268813026,0.8122591374615834,0.35942429149846955,0.8897922111784577,0.41243854464603097,0.48604476317160794,1.1195524675438508,3.5058636540584813
0.22566032355495916,0.7559724854260547,0.996385607617644,0.6188989252463213,0.6767242576015952,0.9768292039069121,0.9201232688446905,0.48840291522016394,0.9578443350755385,0.3391992180499376,0.9182146076193957,4.012744758217416
0.6385584707254144,0.7650146649527175,0.023821102267619437,0.6381142383632064,0.997052107276998,0.055971229179291385,0.6557698937028414,0.6972831840427784,0.8916318754444895,0.18958489396960612,1.1988099520474167,3.667211247244757
0.27349110796829057,0.6428115565281578,0.06791902856394777,0.23327726530368295,0.7623703242316402,0.4805101771154954,0.7214315365257151,0.8505734458486576,0.045501737902964676,0.712355297567989,0.9350465722049315,4.042701242856377
0.6261637183300803,0.3906713882568621,0.9212372492782962,0.9476464972266851,0.9030742094921056,0.18162791314335816,0.7879398670324727,0.8265093121101333,0.04805961251658846,0.28846661440105387,1.0180822933967475,3.785833174708981
0.6590861604074589,0.3047717571738333,0.29118275021538853,0.6629699782080577,0.19809243134627966,0.5011852813478723,0.03291066871818241,0.1547122787590667,0.7145637197008231,0.282631581350055,1.053245081728286,3.836037023236723
0.09171335626667516,0.7488783322376553,0.5257592748927231,0.4225195294909892,0.4072742207464665,0.7590322573501936,0.791005881905399,0.3434698471764653,0.7203977624420412,0.49789343402096087,0.8587167494655429,4.159487965887289
0.4186676988874649,0.6891772719115056,0.8093309446144185,0.2632493575294147,0.37882242620905265,0.659484994710218,0.9893839625626744,0.5490790252240773,0.47341117837479635,0.6103546358790932,1.023726779628158,3.8788422773633315
0.40360000661876533,0.860375133581822,0.049924657115835325,0.8582743747444955,0.8509392424153362,0.5281999203217314,0.6134703809715235,0.25100076855319686,0.27977897093713416,0.24657127208259508,1.0861033501857529,3.8354219900712385
0.7638256736630062,0.8787761175966945,0.99152524979071,0.8218541745142974,0.30225906222828847,0.4229678955717174,0.17706694285391888,0.9922314794803149,0.3575844830715864,0.3606743073387686,1.2186222730102085,3.413801674318178
0.9419145099988909,0.9248732116228788,0.01936484731829766,0.13922875091519707,0.19236047782332363,0.4967426464510764,0.5469747080379503,0.5363517039727949,0.13265422741215388,0.4362474565230153,1.3520839531022557,3.24555727938676
0.42580383577094716,0.28236392586182546,0.17391624567776995,0.17857065587534063,0.3893768633710172,0.6841289738164517,0.34128486494107885,0.8576137500618515,0.44883422897358155,0.11562213081435296,0.9240357654082303,4.07355706735544
0.8310143051964358,0.46832232384372996,0.8127666428328999,0.03937241291917363,0.9945103848780485,0.02233166725281517,0.3351103370380721,0.27418005319368915,0.9685745064495311,0.7188942620307562,1.2309372150207283,3.6331740143432767
0.5499588608354123,0.7873273244372135,0.6149190998946742,0.9350126535268195,0.6248777504428306,0.5844928487639892,0.24176429677419403,0.24654658055465592,0.42953248799072397,0.830146289360246,1.0591306795159086,3.64369689493488
0.25452524274983884,0.5543097660829238,0.581268100486018,0.2761071970825343,0.10220307544749481,0.589606858265764,0.6900250117542531,0.5467971449140164,0.8104099346813238,0.9971884697021834,0.9023555241502657,4.1048353354633145
0.6366533129087453,0.8975799448921179,0.082794440787787,0.7485956122291728,0.7783523173989559,0.7558604543779885,0.04053014686122831,0.6460802180122875,0.3966235688241428,0.3673173069266525,1.1950262565129046,3.566861328480698
0.911577344672714,0.12320893391382247,0.003999236097638572,0.5577999670331651,0.6945052413454414,0.2648068259973238,0.3268296753963634,0.9978767982269553,0.21536037774466987,0.02420453775433822,1.1703147985957068,3.710542081151269
0.609954787035355,0.25554065233861123,0.06575659450810399,0.24227854230519397,0.9101086837549034,0.34479749284952693,0.3439630835144742,0.30224711716764247,0.874064994743231,0.48988292374156145,1.0224797472502511,3.91589207744326
0.6424001528078374,0.6207534467217276,0.9835491848372993,0.6752166772412164,0.2500940984802336,0.7416239805060891,0.915635857621953,0.8550403619153562,0.06060904213635805,0.6755136158612042,1.1016858300308856,3.672520515777834
0.9425805498760845,0.44013443162389765,0.665864118586856,0.06254791955872602,0.602870973698496,0.9980753213444008,0.5524995891513246,0.383450147040351,0.3860630686569238,0.8607821413921065,1.232775347294122,3.4888036987620716
0.5934899432840918,0.8713436474262657,0.305761508033588,0.7322446977098755,0.34127127923333983,0.4303350306384822,0.31233405205934106,0.18620498928083185,0.9617207397528407,0.8401288665981553,1.1305178934113815,3.586775242915545
0.08672901707768371,0.7444633243000986,0.6941310660565891,0.5976058003126066,0.3917306159945857,0.8312228588388029,0.2034887192401385,0.8958633817229559,0.8341767086342006,0.44771884149777563,0.8568393355007633,4.168398316659164
0.5889518882338118,0.9815168785564651,0.045781212077894456,0.09305337686591642,0.2197883606465558,0.33674620354034746,0.7967196439873849,0.508952677315356,0.19864388991834442,0.16816592827408705,1.1822736263577305,3.5627081350896637
0.504701160336744,0.8766007577265041,0.32053035903827026,0.4731553475629759,0.1968210618021229,0.14403550268529638,0.9169641936734948,0.71493109524467,0.6978176548191939,0.4237004100304556,1.0879800356636613,3.673477726863667
0.2748173994364058,0.7838408090483255,0.842828434101841,0.8533803713944615,0.9156476978693165,0.28134126992273084,0.3293663151588801,0.12326096406347312,0.2076135195740571,0.13043033002570656,0.9605278277518274,3.9604211218109744
0.6688520045751729,0.8223212295527985,0.6180085487102872,0.8007111918535164,0.5082341416936794,0.5926087027234452,0.5881320326096434,0.20694810360773971,0.6324004752108403,0.8343730003549565,1.1221327855373728,3.5021138565100145
0.7911751113162495,0.5300871247107795,0.33051125411505383,0.14567406044007092,0.925877725405699,0.5128636084511109,0.13736966271350254,0.41513250078095537,0.7936632219356229,0.23608745547487628,1.187637435569728,3.6033094250622693
0.5212558567034355,0.3137591016497684,0.5220040556004374,0.979858471502765,0.6345996022811755,0.806233275589939,0.4650754338070429,0.48114393297863467,0.3635552511891288,0.1523148481237138,0.9292205561209923,3.9120174448285128
0.9090318574045084,0.930295841072378,0.7650147448069932,0.10636197664034419,0.3767816838239607,0.2431706046193522,0.41427623039856504,0.06411762451419875,0.0026463393875420134,0.8113377857849958,1.3828511201364657,3.3215814532254195
0.09405075542476873,0.16352328024129337,0.2015217262729496,0.21282960606509851,0.5945535285833352,0.22634363205364688,0.003306481456290084,0.9530949015147598,0.8981301665513778,0.9412281740780208,0.7365293146311924,4.472810721313069
0.5511450393730731,0.2213891787104351,0.288911368570628,0.7976654105796769,0.07020255565119397,0.3186825019139131,0.6531024437316301,0.8453870977650222,0.47461680513105026,0.32836632099179947,0.9620501530763131,3.969290709983877
0.782204497272203,0.8479682873970315,0.9753758396962771,0.7402775128817853,0.7111777844251815,0.6946058836813741,0.9904683146380752,0.3875875339222583,0.4472639103353839,0.03276845242148614,1.2222449589248197,3.4129619974687415
0.2826922833067169,0.421535768080017,0.2942015394166273,0.9931843569369656,0.6075088299236421,0.41531420065493396,0.036937430725407845,0.47554138601911033,0.052346712746557535,0.5554657811754817,0.9074026116664833,4.167212360646395
0.4949465095681939,0.8916122877857627,0.6070370440294115,0.12349464839509625,0.9688383356864712,0.6366697432051645,0.2174416820522504,0.1460836552203891,0.9599809510931939,0.5041614891720483,1.127144817287653,3.71601583709604
0.7959590257507734,0.6814202219369946,0.9990134627299369,0.4076039092380147,0.8959539375537262,0.945069223068196,0.43397619202491444,0.44054530946276227,0.6703216094634354,0.8092444426830583,1.1740766811236165,3.46907297604471
0.9657523779804303,0.07372784606089701,0.5029107699243772,0.9701226496899658,0.9373673768269688,0.9907778908375438,0.9133123472597792,0.2527264512020332,0.45269502498019665,0.3790727230562902,1.0970203916974381,3.5930959401811196
0.40915052087377546,0.7519331991516836,0.3944033871907787,0.02641149451230857,0.32726149286485495,0.8267571385818008,0.6093603422318453,0.36795159960306,0.9254741870914367,0.650824164003139,1.0484809387009277,3.870805258026502
0.6319377545353936,0.6045594577861473,0.012723516702867062,0.194178153740269,0.9744743479603669,0.42003046182437426,0.45930237627150605,0.2927410535507224,0.07570920340644166,0.14221400292240893,1.1296709309605397,3.7283447058178387
0.4397279364600624,0.8824529172776927,0.9225490473555998,0.5879294236267154,0.4228122924338182,0.34352257237937234,0.8010619807851093,0.15696108367768363,0.7583147388156827,0.5111772295605752,1.0792690424871276,3.7578374498387648
0.280382868357821,0.7352759378175887,0.7667371010928976,0.9849424336517455,0.49946255973774584,0.5860202766587537,0.22455759621618243,0.03902633714670856,0.11596780428576148,0.5837548694786575,0.9145960036851216,3.9425647477851986
0.3661093895390071,0.134249555549529,0.01449555524378389,0.8649781755471098,0.5286537456222865,0.5423575453786181,0.7457328377393793,0.4199019109116874,0.709161861245278,0.3427508410171759,0.8786815504516345,4.228830299480977
0.8268938918772334,0.2586834354821122,0.34198798941544056,0.8371549334738833,0.990930676886435,0.6055565321555815,0.7664736946529679,0.2641711421826975,0.9123564080347712,0.6933270750523692,1.1050839344207724,3.670730519993338
0.015118855411426685,0.9882482612837243,0.6233203860171511,0.27260084288626407,0.8583717884563746,0.7318278381555336,0.4002616733729446,0.9627975811815175,0.558146739101678,0.02250143503051967,0.8990450790716276,4.135180599991695
0.6476775182389389,0.8001705558524328,0.3871219789013132,0.24750442756888297,0.9289869110420191,0.18959639865616287,0.8349545031816962,0.10040366542954544,0.20913401031418297,0.6767600259120812,1.2041199728279834,3.6324757785802504
0.8650138009470008,0.9181525186534718,0.601350792820074,0.5610550145072697,0.7069199618939683,0.11737322446361596,0.09526667472947511,0.1250301109491903,0.625077353270626,0.2158538508211753,1.3098847273428706,3.3237496369322654
0.47322872537189087,0.10826708143355958,0.4333621715529875,0.652889417842862,0.041670716480623045,0.7814451496128425,0.1824380877008015,0.8007285217277677,0.42573336351947405,0.46471826409475886,0.902358532146913,4.111315133013907
0.7567781726979078,0.30292532757637797,0.8520423447566917,0.3203661185953822,0.20345453381271963,0.06572888250960489,0.3376377745220749,0.21264887396336857,0.9393360522566256,0.935478538629143,1.1021899113879199,3.739828656658775
0.6209201564854102,0.14365694249963923,0.5068099238804021,0.60539062618372,0.1252698064348962,0.4940241449699495,0.6463710351357402,0.23321647528088663,0.18206634382297018,0.40311577610023447,0.9781093713319251,3.93898642972908
0.06148716415045816,0.543215757700529,0.09713364213475403,0.974898324255769,0.6156896582643255,0.32841110942052854,0.15487560545561357,0.5391976464926561,0.17150687496095396,0.993962127587391,0.8509254996718869,4.3512829351708024
0.4598610966641793,0.11379873617712143,0.2789335596713017,0.045053025684031245,0.3391452424700651,0.8456300365878746,0.7713132639606506,0.8347446678885718,0.4404597964385557,0.35701492512868793,0.8935746533802383,4.1184339562511285
0.751490070324903,0.2631657620683117,0.9773897057157966,0.7099112861714433,0.7059808186701044,0.464740967168723,0.6310257655478109,0.9790016505341959,0.1382172237401992,0.3356768403002874,1.053634053384316,3.7290246263457276
0.702658464117146,0.8982249780153422,0.7935022270302904,0.2364668755016072,0.3188325943821506,0.03429309156318025,0.24351506352378158,0.37148031468782355,0.21950340565168894,0.6832590975176246,1.251004536962749,3.523348107275523
0.130747980881736,0.021991022403249846,0.6857559307921738,0.5826466803257467,0.2603761302116081,0.03139122762670237,0.7587630324027754,0.228177428477013,0.9218369471310759,0.5143681401633484,0.7136007913862668,4.500985553261225
0.7857836269899564,0.05371651102848936,0.8407691190635005,0.6767830267605057,0.8477616887491582,0.9391804688106502,0.6871172473473458,0.18243148517546975,0.28898226995545284,0.5609729824003301,1.0089577128044753,3.789994889048174
0.02435956232329163,0.5932896219987599,0.08898102245422553,0.257331278962272,0.3632822412367725,0.6445397592698625,0.10706813816588641,0.20993631249658537,0.25570007433031505,0.12104941606396534,0.807794774094741,4.3262882141107335
0.6656168305257502,0.5561154746793313,0.4070669161679764,0.877814668709076,0.5666052413802052,0.5183804265632229,0.3140165997781914,0.9611442465557449,0.4556182479449495,0.4127376100471839,1.0883712173634952,3.6728593655653716
0.8831622755040451,0.6676297272413905,0.08796196538411588,0.20973144803274713,0.2067347729340827,0.20646422540577286,0.9663993844467336,0.6981316440988519,0.6058307014562072,0.8508563056292812,1.2349154136460312,3.409449704958921
0.7325936679146251,0.7040542214903285,0.49806498585575654,0.7237983344273771,0.4329876572353619,0.8615147211204711,0.6272031570287211,0.6361831042954228,0.5351296237573574,0.7758884055337189,1.1276582317653139,3.50072706377563
0.5792897910851413,0.08207292788526326,0.5930519495938598,0.081884052497278,0.36622443350190764,0.00625737720522088,0.9529010424163552,0.8989128581673645,0.10915664629131433,0.39617931351168745,0.9778602612094335,4.047370878667774
0.06695744171022554,0.7964346496975058,0.07909557126271916,0.7848105138219638,0.20121064938571065,0.5634203223493843,0.128610027943848,0.08864218686428178,0.9857644484527095,0.1175657499948193,0.9170725920703551,4.219310442231888
0.2796338441252803,0.09754493230547107,0.7251158297214875,0.5167442721309673,0.8238632584547863,0.9580402236120693,0.426923318203484,0.9258761611895032,0.4783409056525059,0.8652861612724112,0.7594113270095673,4.266801861592543
0.3102548124739816,0.10175320832226792,0.6302096339874402,0.4313676987202197,0.8397810653153285,0.591049351712093,0.12309085405160833,0.672799090530516,0.9512010779024992,0.05413482826933078,0.8329193826614913,4.291222257708818
0.8881572626224415,0.09502070491906513,0.5476443747688156,0.38561820954330084,0.5018386779271315,0.8849712294769428,0.31171104026961094,0.7291754085553636,0.6220863610009184,0.04601145709936442,1.1050481189468995,3.701546696323938
0.07502909605965843,0.4386443505191935,0.20974938428493606,0.9591595605186714,0.5141658360815644,0.6577160269721477,0.16185417162852272,0.7973859919013332,0.6805678308744793,0.7785809991823476,0.7796125015823037,4.33808559460342
0.2176925076167497,0.9002385712958023,0.07635199412542384,0.6921392920853215,0.4748986518379846,0.6794324586120567,0.8442097111056174,0.0121395869715013,0.9961706507602259,0.16789386005991871,1.012637907694931,4.010920217797954
0.6961312390010829,0.9348744428458676,0.4001799342705556,0.7558787096808809,0.2844436402813877,0.6086106686326391,0.946840103065464,0.3069660912529159,0.18087316498341663,0.873011360815954,1.2206793896350296,3.4753266989990044
0.2943218319907498,0.8450006401392418,0.10489673356256798,0.4002162867848011,0.0933692426860963,0.2520738969049918,0.0543524443036405,0.6492062638476889,0.3186542380210938,0.6361192621522371,1.0246490324381694,3.9494158043476135
0.8393904057467029,0.9680544460710285,0.214630668791943,0.6087515094820528,0.7022260855401695,0.7224879271595215,0.820928791937824,0.3854863742931195,0.9093106033301459,0.6890202152423028,1.2788284644340564,3.293702021260731
0.532483579872171,0.41467777694953945,0.2541001977991088,0.6898161169070356,0.03270107699675596,0.44526993058973835,0.410112882430446,0.40895026755556957,0.3176955382656107,0.2454654847532396,1.0175107464893314,3.90777704396892
0.7818616101948325,0.7725479467841037,0.8164293415753372,0.5279994857726875,0.8050000050444138,0.6395764321327999,0.6453231904756764,0.6185537869584876,0.2648875595998039,0.5462583202919578,1.1964388180317818,3.4442354426514554
0.9060377269027563,0.37457997746142174,0.0576473807710611,0.8695993179907727,0.3686531413501051,0.8422936021216575,0.9830234353548953,0.6326987911364587,0.8068109024133784,0.550554597077406,1.2022105221378734,3.5622189486876725
0.19731973927011448,0.377991255218468,0.42504248060219496,0.9019385996819183,0.12341899827891253,0.8595722308026955,0.30519565352257555,0.000902298987084713,0.5578012817284126,0.059971711625450196,0.8546934254012172,4.275220375082195
0.8993717427516261,0.06309743449151847,0.26530238412640406,0.017917042854384273,0.8878028252768512,0.6034079068521719,0.8838124220415392,0.9851834904401048,0.2704110088356458,0.0809761133199077,1.0980103371061367,3.7016296471100585
0.6716536385391385,0.5492937695194305,0.7204394989078111,0.9671528304617398,0.6899070997945088,0.28648278372763053,0.7143636914203987,0.9562828418656432,0.07123038184872062,0.12683100223098281,1.058675007350757,3.6392242224024764
0.48829617992715074,0.6162169313841489,0.15834254243408136,0.03731759951888744,0.6910148129533575,0.48717963127761427,0.25061261404424884,0.7526388591346473,0.7478004034926868,0.994389082319934,1.0358514124800122,3.8412444440511746
0.07031168883194047,0.8290855953543388,0.2803628752791595,0.30314667625916936,0.1383129547882521,0.05898160826302248,0.642823362896277,0.03647436956902863,0.2396257572942699,0.3749001243043321,0.8971932970387558,4.169911567275091
0.5977690817576856,0.4840873781691109,0.19322367836657256,0.1920720854378384,0.9650749747807779,0.9258441190759639,0.918412219224815,0.5347412643849944,0.1591283560645934,0.9123683199826861,1.0412533594962667,3.7815342032329053
0.3415088743997771,0.9298528788046565,0.017900477552071116,0.9529781323684764,0.21177383543878286,0.6000897184505937,0.6589405394938352,0.5039323336877132,0.009910150042330848,0.9739363130609829,1.0928063108251567,3.883153340121998
0.198740808461387,0.8644985432338008,0.7583458223730056,0.7503115538817979,0.44138282707873056,0.6618970528414232,0.4940829241779511,0.8628422183168971,0.6669078078650899,0.10179465197497971,0.9196858351815217,3.973200715064091
0.2568353488224007,0.41675649912655427,0.26888986199009013,0.9738945484231784,0.6010564722826864,0.9367347846031584,0.3498751648327647,0.2663917514586844,0.9624072220976709,0.5165697814726422,0.8602402297644021,4.162419832185885
0.7674817489763828,0.9545022275148904,0.30659848651602256,0.15366945466464382,0.6450432647854503,0.2357274436676087,0.5596807756299784,0.639518330936475,0.4690014282693726,0.21329173526691672,1.2683606108044336,3.401261316703692
0.3142470610476213,0.3689424548117307,0.007097349474044948,0.2598241230671679,0.552080976555646,0.24476597361158065,0.38743486779341724,0.4658962063119386,0.08420703016293507,0.7876165095145324,0.914689863478602,4.166612430798372
0.7582510138410232,0.564295725736057,0.6743867610915194,0.7614304252135734,0.0956241791369974,0.15783948024443997,0.6218656730957494,0.055369579678671274,0.6499707764330225,0.9464169130718929,1.1355225297150349,3.5749242146514573
0.2667265963215084,0.5026224289755044,0.9334630543521166,0.01827170972185093,0.2938131120676452,0.6410961116623297,0.27985016812285446,0.9091545690728831,0.7965536239476163,0.6065653564200898,0.9409542553985077,4.1638975391846165
0.24997586790063941,0.9963031783224966,0.6977609204882865,0.39044900874294486,0.7016740023442698,0.05780885556074238,0.39567541769779574,0.5874756649573839,0.38564734619384283,0.09648365489840853,1.0370333091734234,3.914842123580592
0.4771120977676265,0.2780929780102247,0.5826344072222135,0.7457077930277096,0.5100610846217847,0.41777386127770993,0.010314609653318058,0.39704373465409654,0.9375082516234444,0.07043029818156428,0.9338298082060742,4.009591928046966
0.23895304892457445,0.07175111444395163,0.14506830676613228,0.18236706644808603,0.7931506341012576,0.15131004871340312,0.11490962097157338,0.5324298291607893,0.5889787053075338,0.9533501385179105,0.7934704259138526,4.381227516694027
0.04047988814126612,0.04906982673820944,0.5906031271682771,0.5379784068432534,0.8661666421385529,0.9101603910084923,0.13296974226427147,0.2418345671489692,0.7634543284870445,0.8363886463464877,0.6180658519645427,4.520543649698986
0.5829036970296892,0.9728701494870908,0.8708862459939334,0.957443360189211,0.9170242484581368,0.3384768934700036,0.158280381853775,0.12014648148164006,0.15477040257024768,0.16409379505770796,1.1456103886951605,3.5416022310353084
0.8812329939344482,0.9873896358850475,0.6677959621687067,0.6351711382162513,0.7311856969186656,0.09828784336389448,0.6935835838293472,0.08653221149587433,0.46315551473340194,0.2796933223840112,1.3395473624917504,3.2771556446762924
0.6413987956532884,0.21973765250625807,0.07402805518286097,0.14132834224150503,0.9616230459082035,0.7354876976507677,0.022376222019451473,0.3399532027362541,0.9422614755357682,0.9186428358704679,1.0003828586177002,3.873481425758074
0.40562041538863736,0.7218517831689624,0.36052872341031106,0.4341226072982792,0.2558516817812087,0.7718725608285437,0.23856860552321701,0.7464317127845314,0.24617278596206996,0.9638183548267579,1.0231663939124838,3.8733469334528063
0.2854432629251126,0.5245750815040952,0.17105215813761754,0.388492967766256,0.992544668255607,0.17325276531535538,0.14482362821474826,0.7792908440984075,0.010680945789699362,0.33219208260211824,0.9527888082756965,4.131192602759956
0.20473160685308503,0.2694794158766862,0.08020562755211351,0.0529724911753315,0.23471775433188216,0.2567999008647094,0.20670847261619377,0.7396891223271681,0.4359070259375203,0.839093427531171,0.8183104475021974,4.309103475315055
0.7937740958782983,0.12075009991498493,0.49398230762251477,0.35473195066536906,0.028156926003119833,0.2706926993730323,0.08903606428078445,0.3748559849104037,0.3400090086353042,0.8193963467171433,1.0823287495622602,3.801105030808574
0.10347199216441044,0.2232788976608621,0.02606687410401202,0.7824273585851108,0.42974134439788264,0.7770229093315142,0.19037730181665952,0.6087032777560726,0.9559456894804785,0.5340992007436385,0.772041796942038,4.449374635449776
0.9913254629954159,0.3233134871057924,0.6527200040053193,0.2992284724584196,0.5387994502529511,0.09215759033882533,0.5334323185274376,0.13026259126969375,0.4159765461388613,0.7702652594180157,1.24560501965999,3.5161317098375218
0.14969964724796775,0.6143152918191529,0.754528621343259,0.023397007995774963,0.8728078971660153,0.9811118036098005,0.7805980902902279,0.7136418696896268,0.6941017267937022,0.018913074618627457,0.8752517734295839,4.189965833693267
0.5189185840469962,0.3657379507226639,0.4474743585799735,0.8346713200910494,0.053321802734024176,0.6320803001045746,0.8788267390711898,0.4013134750581753,0.06357490312732043,0.628066166679875,0.9998480907329781,3.947166751620486
0.6879480916631374,0.5628597005123079,0.8603419870539329,0.6464508796872344,0.16660029303511523,0.31693544658239137,0.044623441847724564,0.6420294697441584,0.07677420933770619,0.2546131463807578,1.1294275619380134,3.6753606490590762
0.14215804671287563,0.7033808542278602,0.6694252865289662,0.6592082124647707,0.9497045035275548,0.1626934857451486,0.8582716878618097,0.073322637870697,0.637363278356075,0.0736505176031647,0.9113488796920813,4.1705761689518726
0.430176216156811,0.41106317357695066,0.5299704835902799,0.03410026143416227,0.25679166842433565,0.647088886072748,0.03899656246309215,0.28537649992500097,0.5432293788676412,0.6847767946023452,0.9858557167412295,4.0322940123233
0.893737666100187,0.3839283443608158,0.5624646678133818,0.4590393933425839,0.3551218295342187,0.9089859096764589,0.4898759172910896,0.040175297695559234,0.24017184566340918,0.6451683533125235,1.1882091717826875,3.559656414361795
0.21407150165441746,0.5967537901858196,0.543060063828749,0.1551874715816138,0.09139100119089268,0.29188285335800873,0.4435471471394513,0.44294884604082047,0.6692788434689025,0.5447551959344609,0.9070144099403256,4.138341814819334
0.08544149569515953,0.8322289129771193,0.749649810430053,0.4843892535457197,0.1571109454094551,0.6193350070844584,0.7413173174387343,0.833838913296017,0.03581994769234155,0.25809294953827,0.8820433877278903,4.129709459452312
0.6542940263110805,0.29598841151898303,0.6083084828178168,0.2934586034185137,0.7816826683774515,0.10899932124619655,0.9030367705800548,0.17645218017028896,0.6204234981580142,0.5561252216979279,1.0736972681623886,3.8702649200565307
0.7546926756968414,0.6644921593198263,0.5883448421969045,0.04707010625567134,0.2661523631625172,0.35360170126908314,0.3390820156936736,0.7574796636564356,0.2660171105226874,0.6675134299224283,1.2086476673919768,3.578239534356845
0.5998295689753503,0.1864823089452237,0.6415695339191898,0.3699990913991418,0.4201704985273906,0.39211423183158317,0.5375951631535498,0.7951302345501113,0.1781726367444569,0.16240506887438147,0.9732500007448909,3.9336439155729477
0.28767104889368444,0.9067159485551254,0.4281533493337906,0.4243828473825646,0.05062527657067282,0.9572216030110554,0.585304203687644,0.740222597111673,0.8556190305543793,0.6554022846771262,1.0007197112466195,3.8891761764897486
0.8598879333586972,0.5404920343426307,0.9562167833398383,0.8900921239175995,0.3802728147712416,0.4824299641884799,0.6887051627905957,0.04659633774309149,0.9026854635247239,0.7614308089126658,1.1669947261395617,3.4717938003445425
0.09719196871773611,0.9916500899964981,0.9868215090622214,0.2855899619106829,0.5996347525522682,0.7840761399233668,0.21595642996583153,0.915767961584739,0.32391569639155193,0.17766961829993935,0.9501102358640788,4.060584715290101
0.855223009954954,0.7752027678937352,0.23857219091746468,0.6682210329859309,0.25203027575524606,0.49344413291549244,0.788038702699826,0.6914730074329136,0.014290938224490528,0.768864707326979,1.2624720773192668,3.3982354864665343
0.05865589914751046,0.39435290273891116,0.4379501467768187,0.704802010854303,0.8126349952377656,0.4857969294800525,0.9066110245292477,0.26925103893623864,0.14138868368829205,0.9616309282066626,0.7630898827443717,4.379341356968923
0.523824124378887,0.785965495944789,0.5947395493374098,0.6245284253385007,0.18854158641112884,0.6837171985415827,0.9106715728333967,0.05614603988898154,0.7131617617337728,0.4724406015427022,1.0985495434758867,3.7233392349489645
0.026030625253959067,0.995407929666627,0.7147574344540714,0.020898643107445224,0.9041480978585679,0.3586562992864195,0.5386475122076333,0.4676856792257329,0.37264168463217756,0.8903339542362736,0.9393038404230354,4.153701955292126
0.2969547783378344,0.11696252297522855,0.4904330945045354,0.5739758893772262,0.7169533768400534,0.9791214882405838,0.5036785382299624,0.8238987637177225,0.9796775295284953,0.7140052840583736,0.7548355506450708,4.221681490906898
0.4931104585487141,0.6014445895770187,0.9728056392138598,0.5314713996130779,0.7155876977048541,0.04369554592936224,0.8375683009192393,0.8050993704998511,0.3136524148867939,0.8926449396720066,1.0456531389014243,3.8549040088955895
0.322435199997705,0.9024587513363965,0.029880234215580816,0.11055924344078596,0.35158164092627747,0.7508732031149061,0.7936793602460224,0.9449358799058528,0.6858002211547148,0.3211517296068591,1.0141869687105658,3.8536901052117107
0.09932033294955094,0.7398614234881616,0.8760755925742914,0.8112089927399811,0.48439656823270766,0.46100972122721257,0.24928385779796272,0.08098983766173536,0.9302593430023673,0.45771064688351043,0.8443020285042465,4.140425461463799
0.45308220630553664,0.37839402401502936,0.8229908272579641,0.600084569413771,0.7202322383527769,0.9759403933461167,0.8970519820640279,0.6035656217136773,0.9678085601916122,0.22150991479998178,0.9280061237922552,3.9645872963226783
0.4610559211130166,0.6753622851646879,0.4714952782800153,0.498409723005572,0.20882753543519933,0.6237464073722752,0.6188355211997776,0.1262758208441644,0.4394995293879184,0.5639246038033802,1.0318641595498628,3.833758564006822
0.9473822228149711,0.04419287136380899,0.8583745105386047,0.2512305548520672,0.22866686742673453,0.8017661212892627,0.8950836319326645,0.8775220640833792,0.5989288995654016,0.2004422815758292,1.139422992868914,3.685205005123601
0.699783682005497,0.45054674410538886,0.5480652501160386,0.9809427003991743,0.036314856803493153,0.036061566648451775,0.2215657522806863,0.5048372023580866,0.6747422792180925,0.958111814123866,1.072700860443053,3.6851152793557658
0.1741148314985007,0.8856476255268207,0.49687188633980506,0.4371861756807874,0.29097812510826737,0.4709491088253577,0.14861757507790546,0.601943157716483,0.329354196720961,0.703330616469338,0.9410570544029189,4.015649088010052
0.6519901127101315,0.17623744098902763,0.2576050692147593,0.08644909002700733,0.5175123250160927,0.46943787007764315,0.03505741593958904,0.9544587538233656,0.3039930476025963,0.46315231365321763,1.0294689430003607,3.9193056931933925
0.3272952469494254,0.759684960814604,0.3380591061904141,0.866547188983872,0.9075743656938076,0.25823006640370766,0.20823445018598058,0.36828212304463115,0.32522257251911507,0.4347182149904794,0.9991443110480135,3.9384377200129226
0.9572256215971192,0.9751113014159919,0.8103949919571439,0.8021073837906637,0.5341551892517203,0.3714716281282105,0.7525265545284848,0.5315986547012446,0.37513005500587715,0.8752741758245353,1.3248054830375442,3.1576335745798714
0.06801637142955122,0.21230726780183365,0.6259476316805046,0.8097783178173131,0.8109427536408694,0.3603215253102007,0.09610936187810246,0.37211306024486074,0.4851089345938787,0.40016583322252564,0.6969086823137547,4.435653674318053
0.7887127800424977,0.4875363459636856,0.8952099267911992,0.4665666684549458,0.583488940134948,0.23316320786145853,0.7550855891044626,0.813665528844414,0.11027455677390544,0.13707790680555165,1.1505605828609935,3.601839153324483
0.013412497191727834,0.7373100336169138,0.8246812234977097,0.16143226658347046,0.7951654267211814,0.14911098501706427,0.8925750624132697,0.6153813798829264,0.9162164692249207,0.6794092776844893,0.8616312434784658,4.288529972478188
0.7538527151584413,0.4782166657984781,0.7849394628982611,0.22457407985356292,0.11580995219396534,0.11396722041740079,0.9408321310505,0.9802048288739187,0.9830663277044791,0.06629484368016926,1.153095193809571,3.663653621723051
0.8362893151586458,0.24080939498507759,0.9031510031000733,0.896131796004105,0.6696648572366276,0.7074403826795544,0.6797647257402671,0.717035680301833,0.06903985215375348,0.27328463601091824,1.0547399007829896,3.6196988818062126
0.10572420848474828,0.0568375169757744,0.5641911611705255,0.6429850252072484,0.8170279941830468,0.3332341570171646,0.46749976228248236,0.17194965082443822,0.22673764917550115,0.257159248913801,0.6926732384362245,4.491458787977272
0.21092105675025796,0.5993033473192445,0.917319010578018,0.3338852582156629,0.494302504138319,0.5378634314302638,0.7372102673187344,0.6356367151947058,0.5014874514908146,0.6121847955592273,0.8798453919880986,4.1139862963732785
0.25371084313591014,0.23451136797404953,0.00013347498572824468,0.9265426336832678,0.7691290447014758,0.9865235902664438,0.603216203015915,0.09943335123864294,0.0909727803309528,0.12900179795737365,0.8480913006151412,4.291641509930739
0.12731458618808036,0.05413228083894027,0.909845655903766,0.10421086779846961,0.17341634045371668,0.4756972196176756,0.7139734053449805,0.3221207357595961,0.2777895255043011,0.10983202724194029,0.7652229370694182,4.533651847158092
0.3765863357507612,0.4886414245975967,0.10348778621226737,0.14951034487606088,0.31040872917357387,0.5646465155552483,0.47749177797895787,0.5649337699832961,0.805896124195219,0.2518272153180529,0.9439922802304411,4.012631708156102
0.6804262376479722,0.30607756739676245,0.9550667088964826,0.6318426506129047,0.1644193991466061,0.4190226854041302,0.1805950106237037,0.16979255305259958,0.3794535866331216,0.8128324438689922,1.0515640406451965,3.8013665086256663
0.39659794738929743,0.16492061537098932,0.8754032926421461,0.7803885065760087,0.9535167810836067,0.8490869674875772,0.8410950459640643,0.05875763837000815,0.4776988754090801,0.7963658547223964,0.8456238344230895,4.127036451810901
0.8620267305763775,0.8219539937296885,0.4856804497447045,0.7477642250416688,0.943266435534656,0.7603422003970068,0.09826379458164257,0.20448499983259172,0.6586971489313536,0.7307296090517102,1.2254494890742396,3.315943897912407
0.6128365232774874,0.3980250280324189,0.1465926647698903,0.8398701970297908,0.9863089718070518,0.8913139437249784,0.46166910732620947,0.13648268963735344,0.5682403966727638,0.4387774836837944,1.044169281115645,3.8263957251751
0.3334269383548464,0.58713246500711,0.7432744994336767,0.26403136992027193,0.5780738560110666,0.8400241947718537,0.7284505745424844,0.8079288408928804,0.5667963934124497,0.6181200125414946,0.9232021549093622,3.9827123986217603
0.050290767679204255,0.7576488860856745,0.8158609701561272,0.2877910064510291,0.7394626694659727,0.6144350025326598,0.4927205143510871,0.4504776030545509,0.7055988646725547,0.0901361111467272,0.863319988548834,4.219647172465772
0.513817852245755,0.17960592525021352,0.48750296566482454,0.6223949793189297,0.9329096909666977,0.47800478297949206,0.9359334882883306,0.8408728261994582,0.8017253972395783,0.8761980532593787,0.8837012358522409,3.9782700135459486
0.24427763609699824,0.06083901053570526,0.8792146855544664,0.8338660474659699,0.7415823529085668,0.8383606465214017,0.6496885855290727,0.5972741660185951,0.651446930690866,0.2601001568361643,0.7159195184966836,4.303873806449407
0.04987127932540761,0.08988594250717347,0.2731665106331549,0.9648903993775585,0.0761354536904608,0.8719101156457355,0.7994963012260461,0.48571022271912057,0.46151840664878124,0.20705836465321947,0.7127556856428219,4.57053430977433
0.961150218911169,0.7909956074724924,0.12876403922986224,0.11483551966903187,0.5125356059994434,0.42463356441805816,0.3652937314247083,0.2961411355751205,0.14849509302941127,0.1390292602750437,1.3167653940953579,3.281793360124235
0.9282733504141768,0.5889494174468081,0.41680215658490394,0.2827383869060517,0.728848120112263,0.9202850799909195,0.8242789321979165,0.5256803719648798,0.8191484812707343,0.5022283289783702,1.218984056892955,3.384861968186584
0.37077938683461115,0.18495876129142963,0.6399861188327863,0.46534581495666505,0.003756741046864777,0.4988877296459537,0.9243727482047724,0.27344187739284564,0.47145805658637074,0.8974156145930647,0.8872620833859616,4.192373932165473
0.23119846320923057,0.9922692396034497,0.7113864861943147,0.9185716879981499,0.8607726929480659,0.5616352017703233,0.36606137269004285,0.51600027587977,0.34686058403311193,0.0052962662286089625,0.9570123479944829,3.86601272347805
0.7017356132747621,0.257914865594882,0.6127292275252901,0.3445946102542965,0.8823849096608787,0.7823316985580185,0.9952528512644873,0.522089152311427,0.7833573001756181,0.026074557261142613,1.0530514194980851,3.8070118503897805
0.04680242165827846,0.6946211684441352,0.46782446318974286,0.9065413757547525,0.6639435574680012,0.30423630192080064,0.4236980869463291,0.009572905118045849,0.1905048711852027,0.19847535141796108,0.8349189437118572,4.243749434891338
0.9636372114436805,0.9122610751236425,0.672800201698834,0.6782680530729818,0.5069436759708454,0.2924298093956159,0.8120687801456852,0.7335645532642178,0.3446277695304671,0.17445074109597916,1.3167433262784334,3.1870917027701804
0.183240075953869,0.0024641649246191673,0.7467841894645451,0.32241510020364383,0.9854157482844036,0.773259630525247,0.8053940561752028,0.2595009233078747,0.3364648704324233,0.6357274060729889,0.7335136153618661,4.456805377737599
0.07644795572709834,0.9117907078280638,0.3271339132386392,0.3463146252740062,0.9717024305975799,0.7027645386886034,0.19566881923962243,0.45765433708856607,0.7027505885870703,0.17224659377240997,0.8961746349293458,4.0976596704676505
0.5579085883252183,0.5904811389736844,0.9649408657308723,0.5480120055622364,0.5259721331613921,0.5811666102833176,0.2827502826538731,0.5505734127122739,0.6418590938494034,0.7459389136196487,1.0377094499375166,3.757985713219426
0.8777244479197646,0.4284827114194849,0.6620550340151833,0.3835845254144814,0.6413353144617283,0.566698987744152,0.24498503825069673,0.9287070798135955,0.9490259128000831,0.09924014730339056,1.196540552160731,3.5585918467164706
0.6626375966286339,0.31794977492648735,0.8190463779226654,0.9620857199589099,0.6828049594231886,0.8724778328047472,0.05257775741221212,0.3791614328438104,0.0002791435664747715,0.7114873557067952,1.0040322787166547,3.771613552578838
0.5672061509979792,0.715309070476119,0.7632935235131603,0.6982886984167269,0.17722462555663024,0.24192651908826676,0.20450633799120646,0.5833928292472418,0.5966380053281453,0.22804446895858196,1.0871754934893563,3.6998844641352986
0.7272136819125461,0.1716439252344197,0.25168813414578134,0.7862873002363875,0.006363158851272958,0.40950741375765376,0.3759747706836459,0.702900389211528,0.8521345161603514,0.27424916024607954,1.067048107995169,3.847494641200535
0.9738102033643304,0.6609236873468431,0.055425782044740676,0.7888999921888832,0.27594567950002125,0.07422984026695592,0.8981366020877225,0.3545299552834198,0.50251171936126,0.4201436774933309,1.3289242925241123,3.3725162219674845
0.4269144898739159,0.23718697578520723,0.693842710126322,0.36583820322430183,0.14353112990674285,0.003569346260412644,0.5770575591235769,0.18488664181776024,0.1954881315660986,0.9361308743937644,0.9424419036695157,4.124179937019736
0.9548555548265785,0.34094265414588865,0.025193041412498604,0.18856363474021584,0.35365503393726666,0.025167109670563115,0.6844851104269893,0.9667776850844061,0.11950424576370468,0.5254644807276474,1.2198424252037583,3.5318521023544744
0.08979618376291042,0.1949675275115193,0.3639276878961964,0.24462240906308338,0.6166582812346572,0.9192472826762214,0.5066713440827607,0.7739285045101727,0.00578794664959071,0.5799838795414459,0.7194400461313541,4.4385201248533495
0.9714926571004682,0.46301981068951675,0.24530083587915644,0.9985327186354339,0.9187447003565353,0.7294031763862817,0.5492259467601954,0.44874338267124275,0.23370850795112472,0.3474930113494697,1.2313117862041087,3.4268079425362687
0.44023807054310227,0.6270961911491354,0.8838318808748306,0.8144959163480217,0.9773634046981952,0.19860296936426014,0.28571986683070555,0.10773659044016493,0.22476743365652346,0.0012089331516563666,1.0203379958829228,3.8896587467064183
0.871966119297139,0.47366004123775207,0.12101337904515917,0.4278000452733914,0.9005050892936162,0.2787063561126837,0.025474912923337426,0.2777648398050731,0.6393839578194219,0.15641997148092032,1.2299461565964096,3.5667519467223867
0.1920300616582254,0.24684089103677287,0.41575056332070814,0.8459099956960872,0.01733797778870081,0.27769852330455175,0.1039802609322263,0.7814644357510987,0.9653187118858532,0.8598293029361598,0.7927295589952806,4.319553798230363
0.021629077858683055,0.8146485418053705,0.7037124785869555,0.7714576581752296,0.40902577030593085,0.5119545585307673,0.9648459122831574,0.2800882699946516,0.28741825565793633,0.9450856857916522,0.8248805306394726,4.18145050749742
0.6742589321849829,0.6562890399359919,0.9076814802813701,0.06626616734646452,0.09862659063271301,0.7045841979092639,0.4999671572021533,0.8756193330041077,0.2538691645906579,0.4159540397002343,1.1873051475193765,3.6836999692899086
0.062179311974393844,0.5058711733475812,0.35550253123093006,0.27974151433835237,0.3355269184151142,0.3740836281328272,0.425399245910658,0.43402224838750125,0.6028312385442101,0.6907501006239065,0.7712363206558235,4.298563972683547
0.5017496491180883,0.31818286824531766,0.4418851074619057,0.9872538635518768,0.42727970484691624,0.02090520803630208,0.8389205998077173,0.11418773881676963,0.7840643894357111,0.08699136844169343,0.9992274402220269,4.007965815360906
0.3812282209687197,0.20493594742822843,0.04399992513629762,0.6419996100722458,0.7704408375051667,0.1961960141438313,0.21332774336539426,0.26215369909328584,0.09713725685374523,0.47512119538763176,0.9238678840545557,4.198323592030305
0.44439896461735384,0.6233454720936279,0.8979821498612583,0.033095182394408285,0.005682704699165187,0.2136860491368755,0.8066197880963472,0.2115352748937628,0.7694860298145852,0.577442461394718,1.0750456235163304,3.940938072520079
0.36382733670357803,0.4668448693412131,0.37875442554494215,0.6679882071474734,0.642671259980469,0.46679442359157486,0.47817911314240635,0.1817891228126922,0.13144586208741801,0.6264048008251595,0.9298564618757832,4.033981804814506
0.2343883041328883,0.8183324865973463,0.4558858054898214,0.40330621675134504,0.436029361552279,0.8473696541399376,0.2917151261540325,0.43361778704279064,0.4838255028293726,0.4910867957479787,0.9366233138188613,3.9712914926715195
0.13417116183152542,0.8950435589890534,0.5567318505561336,0.28188185688314227,0.08463151641019225,0.9467265829624654,0.5932339965184067,0.8466514716754532,0.12283341651897359,0.6049615619065289,0.9518363184546187,4.07929690646554
0.9950199505356863,0.39259367683795865,0.1679055196185566,0.6819051475896097,0.04756472541559566,0.07805180626664976,0.2631180090398489,0.4682987622618426,0.8686918029661359,0.7894853719177908,1.2376213409699828,3.4506461575379843
0.9220413715243644,0.8721054484826574,0.24985958806912176,0.6964078187716037,0.748338702989463,0.907521934557659,0.87545432036199,0.19083891722086133,0.17322015233346963,0.16082888715865862,1.3041650391906745,3.2670238955421347
0.8685115413296114,0.6405702062764431,0.11681557692164586,0.22286268779528118,0.37441718135313673,0.9306411228270051,0.3993650444590205,0.5859789206482363,0.09296955203020901,0.2101014326884858,1.232668304384826,3.449473337683077
0.4544150084055481,0.6306648598306039,0.3140720039503358,0.2900069310738736,0.13722687776064382,0.3245209984918286,0.2616823376196614,0.21830217775592406,0.20455683821893478,0.652878846414388,1.0291068527836953,3.87448569530242
0.3208406137992581,0.9233958527697671,0.9349779153871728,0.12000776822628648,0.11777233145734413,0.9679073828460206,0.028515632828489228,0.4276669588604029,0.49549278615568015,0.9677673628181773,1.0918832981653435,3.918075487889131
0.04234361962010797,0.458993134815516,0.690660699926048,0.44888035703620205,0.403823315858604,0.21440901819484515,0.634316975879542,0.5424650595976817,0.20235298958554734,0.2954539510917359,0.7688256687136105,4.361065388171811
0.4292924226556463,0.8672308680730988,0.16073350824776447,0.8421682502208415,0.8558116998259601,0.7189337427158708,0.14198212423660966,0.35009462409567255,0.12524248190637255,0.05171713124445048,1.0794083403771175,3.785046555338824
0.20320192852854252,0.5359229749575011,0.6213667220439193,0.613364134691744,0.3870378799625063,0.6074945601570947,0.5657910401541649,0.7643703865637859,0.04399602870144408,0.18511626854021454,0.8395145904996868,4.132769466488747
0.4224211865134027,0.1024287458294175,0.8913505902327312,0.2284320741892891,0.1942145267185249,0.5177758242339892,0.7821421714023974,0.3370089478490846,0.8250922912397893,0.24369147194397578,0.9153279919260067,4.20487465278384
0.8320838198898133,0.5321498794120428,0.6778616487684538,0.7249385390819953,0.13074178033029435,0.060738868581623764,0.3934266366893107,0.14562247868252243,0.49189291039749505,0.04153935428514406,1.1826290509477213,3.5353909115539692
0.2288543057402421,0.15698822513334632,0.1646282931008221,0.9248950122508082,0.6470151987455677,0.96596702867233,0.9990081471645291,0.4312689779662808,0.630740669364361,0.22420746242794926,0.7992921241794689,4.338269496719096
0.5160994993370793,0.5375786320003162,0.4837424292558267,0.06541470164163611,0.4927614604697863,0.039292842317677885,0.8818699988673045,0.6522578555725088,0.7862688869049005,0.5522256763889956,1.0584173315295504,3.8810841085236945
0.4801079628355079,0.04059109705745839,0.8728167796940726,0.6268804583724871,0.8961755424875487,0.327890168569282,0.7275961046104014,0.4380126058768747,0.8577387633477113,0.5673752410180369,0.8812550789185732,4.1306498118722175
0.7483239130801591,0.4436044133571367,0.7733496829950023,0.04828013213226147,0.8099579420767732,0.5794762941807349,0.6814274045023548,0.2553726575401533,0.23668113931017565,0.6223532269002348,1.1611047509474153,3.705915571309324
0.5448659736523961,0.1558707436264824,0.42720154813403644,0.0997062042596202,0.9557538011280806,0.3127152428065531,0.7765510124168552,0.9889839147758168,0.29863249225705096,0.9563366284705879,0.9648910195221728,4.030689001323717
0.9830210390238738,0.8517719395609281,0.7605200557173952,0.20456112431212428,0.08811937730040836,0.39583385560859574,0.2318200148508827,0.8665762732752995,0.3582093452522575,0.2529779254943312,1.3813659787866064,3.2680054655800994
0.6164412952464546,0.7670034713240076,0.19793796457085205,0.2668174013898325,0.8010611174379021,0.12445362820124062,0.9815101340396,0.04206045343435487,0.17528034456157285,0.6971652719903374,1.1788387302445176,3.6789241838818296
0.688801046945466,0.4775020985177566,0.3092366630578609,0.6505534779479551,0.7756866656260819,0.6811864690721452,0.03061827654439434,0.14059903554907838,0.6558275585670033,0.7858838344702493,1.0747734008641845,3.683445256557668
0.8512685853958973,0.30048293619969324,0.9935461524932674,0.8572848244977536,0.6723234500211348,0.40607483781738524,0.5828810677455116,0.7702892705891923,0.6444510042581355,0.6479577100976457,1.0892483653903153,3.586983285146699
0.8751058355883323,0.4183055467019773,0.13633865162695236,0.598181190101531,0.684522898120885,0.8167926410503927,0.38225737044712566,0.39928006569302954,0.8216849290482974,0.4558489701813794,1.1613122462001464,3.534924332791165
0.17873232752291918,0.6938142641843129,0.4779285822702186,0.2755128743680598,0.244978364604996,0.7758472927489378,0.6835809799657839,0.7935521115078245,0.32726842869632555,0.5305508934854402,0.8920092637284792,4.103550074305866
0.5116808813551482,0.11854108290938731,0.4728969686375783,0.6543505932530939,0.06866665740617309,0.8796170408278438,0.9092312009769553,0.78623148841423,0.8788913377415405,0.17093884243787869,0.9137518815398966,4.057324747325134
0.47534942187477325,0.2655884302662701,0.22936576111537763,0.9176973182370585,0.30838844380150826,0.6359213840296911,0.18864555391000695,0.16529322058944154,0.8464435716900475,0.07612321057715601,0.9656419529318947,4.053426497420032
0.8225472910609919,0.7168976212571667,0.18922813434854063,0.13045239744583065,0.46584915764057405,0.45674702252649757,0.35649835549172015,0.4289902220682045,0.915146978910295,0.8868280191278679,1.2055583397904726,3.4340641872561095
0.39331639818781433,0.16939531057638316,0.21610385584607383,0.6365493519160157,0.4776732136149275,0.08491236976343618,0.026401503485420218,0.28293292419149263,0.8160442591781232,0.36953781673213304,0.9056705820673409,4.188649501853332
0.712252885868454,0.9669807556973248,0.2997639098906055,0.8874578408805561,0.3575982901601561,0.9144482613256635,0.43093010311439234,0.7843161022002952,0.01815055374559017,0.8958795810469016,1.247495748070393,3.453880852494718
0.11960268780286747,0.36688972801229147,0.8516564109279077,0.6106162622622279,0.13454034430162867,0.7153145340252256,0.5817959427887806,0.018681036021298315,0.5159159343429257,0.5271545480055708,0.7991075975644653,4.344536269850946
0.3369094377340819,0.6919726294899218,0.7172846884492897,0.5449261797306872,0.41310621261251934,0.5756975038886074,0.7513228552876982,0.7075864976634207,0.3835417185604546,0.0746945982536975,0.9534336363159699,3.929090007597406
0.9760182159415257,0.9219342858612684,0.8010950271491815,0.3093143862777483,0.9577406636027858,0.922985327392486,0.43945401893041003,0.08503845078430584,0.05553568910815428,0.6155964931749071,1.365997302590589,3.210519264282349
0.7171727088167129,0.3497316895182567,0.5005790475447132,0.5779371204795244,0.0721170791673572,0.4919388563817493,0.19912704919142346,0.15821914382077573,0.4043579816618295,0.7985160543868725,1.075341486071669,3.7372836557079068
0.15114714904016258,0.7948313144927474,0.1841711156484251,0.239941006843722,0.02278249706119838,0.4361823058510807,0.3181054600087115,0.5713925412202507,0.7002426407233566,0.6014280128444189,0.913916124537736,4.091071915107932
0.9241429116557442,0.7077503916863539,0.49458418185772113,0.21744853672045317,0.17833205866913773,0.994210848240049,0.6629772153044414,0.2793544214145044,0.8801720174939104,0.21720211223621158,1.3155646423375429,3.398537481089161
0.7430530629737099,0.29791193503626806,0.8360422329912351,0.13609334543054083,0.5770927513122033,0.7081118275713274,0.2289919838816442,0.7516082525688639,0.8604978083865915,0.7242974393403084,1.0915410590676724,3.753527513329906
0.7740760793505369,0.0796826505818556,0.67147605421602,0.9412405863117108,0.21322461841645357,0.16604795454455842,0.6378896202034713,0.3603504897234429,0.4992973769285084,0.6578627539580355,0.9996735249572513,3.778797417995054
0.5910843528558891,0.12732598889358732,0.0607817296062051,0.8302477276420651,0.25917004212012884,0.32091342544429985,0.6074863178270321,0.9701831337790798,0.49382596395394,0.35324699150661726,0.9767285325432137,3.994607511589189
0.8663181300833028,0.5130721156201514,0.9604559528248631,0.4946446408992885,0.4009948365236479,0.25136803190740675,0.6757416177455946,0.2499326246792803,0.16927548279261406,0.3585163580092224,1.214512773992836,3.5302314921527684
0.19191521743681275,0.9629402537987242,0.46578733447164394,0.6860689458635385,0.1463197261351426,0.778477883729511,0.10192927483195859,0.8907070726927322,0.9913381793349387,0.5326562147518741,0.9754653640245031,3.965387347520241
0.7145386678761191,0.7470321099298101,0.06937164664270902,0.7660343912442498,0.4255125557480819,0.5450864325799775,0.8573748934351803,0.9733880349114098,0.12035756560037687,0.49889407901643146,1.17794509837204,3.545863014110504
0.30875134179914626,0.006611380425391034,0.777911096427953,0.43302415674068884,0.7651998034328762,0.09639811614037173,0.7954386908032586,0.16730965061065226,0.5793150636663473,0.7290954835254773,0.8191325625187552,4.351047014500993
0.16150257932893355,0.29162071242311627,0.709626070054646,0.4091662069996681,0.0012176698197496755,0.6315676371620144,0.06897774672445627,0.8423688593819374,0.5605486568665183,0.7547929638191758,0.8201519438574799,4.359182540546742
0.10119248530332033,0.3557167371792059,0.6475671580865155,0.936659839345166,0.08647448773516128,0.3625939223160599,0.2721373744117184,0.3521128702763162,0.8136195719355834,0.5493198475808051,0.7404939335351746,4.32191765269579
0.9333113134125577,0.550538999196198,0.1064972454217368,0.3525032689209867,0.884869875682762,0.6517663684147549,0.26702216435700155,0.6104230416888898,0.26864990256511095,0.8494542033681131,1.24595464761547,3.433083428099485
0.802434984493995,0.331958398877242,0.2197568850004541,0.8715660988131414,0.7254447568953792,0.1430315849960883,0.7187295360329053,0.743703408672458,0.6105908354000648,0.029349850877518888,1.1454610371125817,3.6928397612136576
0.3914703655310995,0.2735160717913112,0.22285995028760025,0.9826809234224898,0.34539759953911214,0.027781589425768288,0.456888375311438,0.9995185531983578,0.3058903590314326,0.9784331355485841,0.9311391271124531,4.13879652497232
0.0726433051010657,0.862563955457533,0.8323650541885851,0.33180061101597547,0.7502131074397242,0.5325172589872589,0.2555615670605201,0.7113088565706235,0.11767405044397354,0.3168581983744027,0.9048479877648636,4.148960063520115
0.5654441224837471,0.5449513674898678,0.24014241991808413,0.35705470641425874,0.3703565644627116,0.7119591294457798,0.6119121204249784,0.011523030941229409,0.8659501747045767,0.23899874444273908,1.0681478931454782,3.8112681838024565
0.011943263339996776,0.8897668961074375,0.5548372972007064,0.3131328357058222,0.0580352119288501,0.43242988914187314,0.49027147983975056,0.5660613705138169,0.8866768871610833,0.24169773360660904,0.8800798219880134,4.1948397548974405
0.038792756500829174,0.363404687103528,0.33286132830800635,0.7358888452020202,0.6673168205003386,0.15381296886521328,0.5862956472102387,0.14343257131710452,0.6195279624667667,0.2666174067393084,0.7681628223713409,4.437420172292451
0.7966598929777117,0.5089268883522584,0.7137036220648991,0.07259126210303964,0.4867685419919103,0.34107494209336514,0.07053173496480608,0.028933825271127707,0.19334128595080893,0.7812736228501214,1.2068926260481847,3.630207620317423
0.15618285776001223,0.33573607866519734,0.7952484934680653,0.04146873744047037,0.11064726028482327,0.7498735352145651,0.639850636561666,0.4975630802284497,0.3217860801752047,0.5697104360337764,0.8462042509305555,4.360127905291639
0.7456755974155573,0.06614005546373865,0.7690752739183605,0.25417342471370913,0.9207294086054381,0.9842620368598755,0.4411862655315667,0.9123764010633735,0.2901324563828231,0.15177950527840797,1.0166839470329818,3.848565509311842
0.9679978123792473,0.21440737250161834,0.23283409294153687,0.46848334762391347,0.11337807238196386,0.9530133191808596,0.4183757603456645,0.1337218221246958,0.1849281986454664,0.580799444390165,1.2020239573812392,3.589221709436155
0.36591614522767757,0.8105516649381381,0.8816760948069157,0.2715441003104268,0.8245050751931889,0.2668516134161357,0.9684106193088157,0.8658355590376227,0.006862788831970294,0.32564835018194804,1.0481724701565627,3.8913845036114427
0.36826732041240706,0.3269407628574443,0.005821992217879059,0.2341098672258508,0.7558390653192248,0.8145819771719833,0.9338804430940855,0.2981076759473589,0.16564891104872817,0.938217291821399,0.9154889506772304,4.117882397915537
0.8128755154078955,0.10633372112028124,0.7397155705332576,0.7116906980556275,0.5655718773368746,0.790849954013363,0.6679078806442365,0.8318152847959897,0.1536384316642726,0.17990374456029565,1.0151375299493064,3.7160739659972526
0.0828952461554985,0.19006634371488196,0.45361352770644214,0.672608101564603,0.29852778664928425,0.8202268801980721,0.8616663618358494,0.9181401705794442,0.7277458447175336,0.2321752900296823,0.6915983755199211,4.424705748500512
0.6351634982057771,0.8137471672671232,0.35018471149315544,0.6490931510401823,0.5906492527848829,0.40440280718497096,0.704884815134079,0.6620477880468393,0.7067648711172793,0.833993378214208,1.1196206815025564,3.5565650587435487
