x1,x2,x3,x4,x5,x6,x7,x8,x9,x10,f1,f2
0.22827359202107034,0.0027318065107565935,0.2508985223460071,0.18034967268744445,0.34526492169167255,0.5705026582429177,0.040136116883153806,0.19578532488305958,0.929367059925542,0.6953101874745818,2.698183004994228,1.5284643361042478
0.010932468191353585,0.23577682065155411,0.4062850076369203,0.07186481571561962,0.8505871911006885,0.23193566195488433,0.4416342309893862,0.9537718044824062,0.500269780230555,0.5292330815621734,2.6434235659932415,1.1225101934476847
0.30988037034693217,0.8198352382680444,0.02674807008310407,0.23111037008196839,0.03184977974035109,0.1687367167835586,0.5115506148065391,0.60149854944298,0.19524734765751087,0.2700415293533278,3.0486949303300954,1.1689884147356444
0.8497301270107734,0.47120500271204685,0.7721750071765787,0.4724264336395078,0.9730578778430056,0.23722796345436098,0.8476851004519755,0.8080150591811209,0.6671215600242499,0.684327590471353,2.8084185643007356,0.9432538607658703
0.08917107390659092,0.8496195743648585,0.9848854832970386,0.2429037760143111,0.8896280197158153,0.6740376001075475,0.03664615241458553,0.9987239982467434,0.7130669620150322,0.4286582443672972,2.9972980505132836,0.8572999953516949
0.44616325733373563,0.9659577245930705,0.045871102785982276,0.19563640658773754,0.33689604847526494,0.016996807168996993,0.5368819434451912,0.4859016166502294,0.2730231613464158,0.45758149543765414,2.86080811429383,0.8621450009029897
0.43868436819844975,0.32962673588888536,0.9105926484316754,0.44099178843763964,0.6157879430624574,0.0307848704628861,0.6157631025344923,0.045670260752813024,0.8675922743099969,0.9426931962332525,2.731812536806388,0.928284766159056
0.2055221621294845,0.6251526852745982,0.5510845371572844,0.8616238175932195,0.4453369901512498,0.8977565025991102,0.21102449783758265,0.4152986105961573,0.3860175383317427,0.7254440042556244,2.862484738067485,1.1224378529321333
0.4216010495401586,0.026159924557293456,0.6627452886703287,0.3667406420880381,0.03895141362057708,0.12614924120811083,0.25700720840773633,0.029347666588919876,0.7529225501397887,0.9076194593009062,2.805395414108877,1.1938143128455854
0.9576405611790277,0.5122390437836484,0.08825194250448112,0.8919313079363002,0.5992583581627652,0.46040943195383943,0.0745822226984242,0.3850868623517793,0.6405996700387957,0.9910620236949613,2.9268164286000853,1.0451695235735228
0.9710957325988557,0.2166619292687193,0.4994877997356857,0.42906463793930355,0.9901775590535769,0.7273801038018676,0.37349683444268944,0.20295790132294667,0.9385222590086783,0.5340889432867849,2.7052010535321065,1.2260918866587223
0.46640983066730246,0.7746609404887123,0.622368381783054,0.38172447852194874,0.0836711310104427,0.7773031312322869,0.31510584749167875,0.8375319976895699,0.06519920249885312,0.5905573216727806,2.9492352492956244,1.082305340800707
0.7421018031572808,0.18086781866201468,0.1993325224223625,0.13610360612966457,0.2799921688597807,0.30249581671549,0.49926900275055125,0.8899689489237141,0.8434686913529983,0.8260842340279725,2.8998130191999945,0.9364528263115312
0.7177973926000741,0.7375424214667683,0.9992097474703001,0.16395525130368682,0.12276016894219814,0.2753114241614374,0.2612169865057688,0.5634249251298924,0.2838085306320253,0.5097321282630165,3.0653895184305955,0.8698314575221355
0.06644023027439513,0.6930160370419566,0.03808031883040144,0.5398826185035623,0.08843362874103843,0.18498773590440676,0.5678424802640745,0.9626847143501698,0.9608181596461147,0.7743246269151889,3.0566277349290902,1.1576447101653173
0.002414095342258593,0.9932311820545187,0.8516322059418712,0.6857945545972592,0.9957842154779616,0.9092885324213082,0.5455039845458538,0.8565942525858661,0.862620428003829,0.8191224542129328,2.83467352773048,1.0377146049749373
0.07753349989514373,0.8268599695234907,0.2848392472711064,0.6287336137138908,0.5258491805720185,0.7339913897167624,0.7533872436619796,0.9240563272556243,0.15501097732305588,0.6937197706845991,2.807233842296792,0.929031599465346
0.535274110366762,0.39935855684011745,0.625502273786207,0.327436411850584,0.15239976539438832,0.07155813539077936,0.8048857473006422,0.5404470716568609,0.6630438968630991,0.5639774100052546,2.9567337196539833,0.9089847637603762
0.04381891655411216,0.2611702004402963,0.31043195548228436,0.16594562856377368,0.1940956886573934,0.1599126844625868,0.8300729037568666,0.7175168760942031,0.01961643204570467,0.38082558274185907,2.7234568808105655,1.2119604411980682
0.4087743772062216,0.033726983069906076,0.8631409656099914,0.3429198686479617,0.7968991806164865,0.7222403124628299,0.9822102221405251,0.5589123020633368,0.12097890398392447,0.2445497805961086,2.676782907369919,1.1865274869157472
0.09393879965217342,0.2826844987966866,0.5635940753977038,0.6341178082656737,0.7617850124795735,0.6116856415088899,0.1166087813319499,0.4829736887015149,0.07912108657687586,0.7133758090875608,2.8298517072543783,1.082901537495546
0.3040503117350159,0.41649749268786873,0.3996117966029311,0.797447088717845,0.5918082978650163,0.6655595834049869,0.8576473140149063,0.21482426658598486,0.4354568036994983,0.7345092178787196,2.8783726778231657,0.6958297943572544
0.6196907230097436,0.1286421519851391,0.7801676299837188,0.8662577125221669,0.40317824982121553,0.20665812698191457,0.12493453292341553,0.6878021540606984,0.2402624979034529,0.2600074153025363,2.8179325319626614,1.0516423214499555
0.158585029321183,0.23321366385783535,0.6950164285981815,0.3045220803843995,0.6845153852081933,0.8146829400648178,0.6104095103179417,0.6197526767770096,0.3815287326536763,0.8534927654943444,2.787566322483591,0.8509666577562474
0.8062399609829646,0.707799852509161,0.3243440260833878,0.3095111016923594,0.5732421777049571,0.9784111785148949,0.09056985612729537,0.2918149466189826,0.6555354074848381,0.7543397650843693,2.8773922465213264,1.1554334977903415
0.4861239234305256,0.4557855406384542,0.3676496064579177,0.25876968174488785,0.5314298693977113,0.31563577525686115,0.7881045486776306,0.2988420226193577,0.6062082781089014,0.9494094836484961,2.9158926626894095,1.1505267785021358
0.8044615526135495,0.010287082372358274,0.21285772152934915,0.388477617172067,0.11754549197154382,0.13139957976390293,0.3274421841151749,0.5374908821341103,0.55087421396847,0.9268812172964507,2.698820786095359,1.2068798788165038
0.3846419809257514,0.35785018629901744,0.009795287906673403,0.4850197183505062,0.6319738424934459,0.6391575318528088,0.23538980471933107,0.39041413731456825,0.03964619490685628,0.780381713237604,2.871270456854753,1.0894970089528737
0.11252099989211278,0.44152575629583524,0.22184672528297114,0.1774016641153716,0.4894384077855348,0.9178092483437744,0.16507794356143238,0.3985631617831306,0.52865318694742,0.29218377274857416,2.936892490275855,1.13576354858565
0.5070448728283711,0.7427136952126969,0.8675262392775898,0.4693014944717749,0.2835606634584586,0.6930569573332266,0.7168009216514538,0.09735403712910588,0.6769071705727108,0.8715499021099963,3.012802728809983,0.995738576024501
0.9196098201337171,0.957276822057909,0.6124996362576928,0.8298570488792387,0.8697118085202189,0.4683669080478727,0.6036530376474349,0.8916926250077,0.9194879878274712,0.02907392761848395,2.757268259288351,1.0417753638847977
0.6864607173450152,0.3155405333638117,0.4754162316080858,0.5055562375034868,0.41742973575902265,0.40195621365500434,0.7732188998197721,0.22994355110489592,0.9345084697396315,0.5463585632072189,2.951832444884364,0.9760127942100565
0.1876418454497169,0.9732509741202151,0.41680621065647416,0.42137526308387147,0.5110462533081067,0.7482639860474729,0.7315828531934676,0.378421982304823,0.81600739434655,0.93915526315638,2.8317261277780705,0.9026108743341412
0.4527818395629929,0.8441099323379497,0.1935040451455703,0.2862657859034195,0.6246291552478074,0.3714680313059418,0.7494596640787746,0.4641128476744286,0.5630990343342791,0.9575847583851783,2.991205088973748,1.0509085055193677
0.50064872830566,0.42602684360436105,0.3604617780343515,0.15510980650021228,0.3617156357005508,0.8254324252712136,0.8968728769208737,0.017552099146865334,0.7385038952212498,0.45450029775525763,2.93899276340351,0.8967975152684675
0.9531945430682626,0.8558064104878066,0.7446016237128988,0.5895412695380338,0.7176994443077359,0.8359817139653412,0.7265907209695149,0.3045646523757741,0.4797836421991356,0.41414493786706624,3.0324415953156523,1.1273245786470607
0.3790591201224365,0.7939492121001809,0.6485710637250841,0.12029483200882411,0.21046027475290435,0.5019346677184765,0.7698884339894905,0.5838284300018707,0.35670072284552823,0.17018373568354578,3.0493173973174055,1.2176815967505035
0.03384589665192375,0.44808980766124856,0.9854050427767579,0.5449397441012658,0.4724354089654239,0.0555156214006206,0.7947708397891259,0.042506876649339255,0.29844793789777624,0.8476952295848688,2.8523206237551855,1.0946419486700458
0.9813677997294444,0.8866120486572199,0.4704757563857227,0.2610851370199632,0.38718737718158575,0.8038744301203773,0.19544467873097937,0.9342841744115348,0.23181758908621353,0.09741523667225371,2.9962224863167632,0.8473302262810014
0.13237723486712935,0.008113621390856286,0.7787776248834398,0.6028550680544746,0.6026001847756287,0.6272962850925476,0.5313722236926812,0.919287494057026,0.4096206449540406,0.5858918833300186,2.667775318347449,1.2734197255738486
0.8754869854383004,0.6408971810930507,0.5266403836503861,0.34882890581351916,0.07777967305589102,0.1613412101501045,0.9852004436301102,0.38425782255099045,0.876390958459093,0.06186020962048842,2.8652759085724733,0.8676757807106045
0.29749830470707533,0.16541136691078343,0.6330305294348543,0.3369903507784875,0.5391809231344133,0.8054636663259656,0.28955629099447955,0.03912988158926838,0.7164776459772798,0.8836335550370761,2.8133125980067892,0.8645965251729648
0.8223885333746457,0.8687200524494512,0.07115696747697184,0.6201790972057891,0.878415796433848,0.857954694463429,0.9419196463676255,0.6243463660004072,0.6049845251882074,0.9505939498626771,2.991984885725585,0.962508213896251
0.8398260732098514,0.796373745759228,0.9454499551373887,0.7403425929402688,0.4268406455750893,0.2748457767798891,0.35511608409156664,0.06301148390910377,0.8970288257813082,0.3157273199634259,2.8742212294322984,0.9798424618299566
0.5440706871376663,0.3460760056797978,0.04227310083059974,0.19225850742734749,0.2362875288174919,0.3976632953075564,0.9551331031905321,0.6830448620974469,0.5735536984349652,0.42158600370003896,3.059827778186723,0.983577483576097
0.09610499583812868,0.5450608476239144,0.8780070241148298,0.14245981218612414,0.9312845290244994,0.10459131389240055,0.30923747789614875,0.4144484944285214,0.7819839748021441,0.4150301284608664,2.8162260420945295,1.1119239832367502
0.36608800195832136,0.3081686798945566,0.8802196592912896,0.03129817360715216,0.24428397279395728,0.711012418344465,0.19082138324160833,0.7253560834534646,0.7475866570961657,0.08846519479087642,2.983337966511473,1.0839297242117631
0.35878270054494005,0.7113220248283477,0.09563991091435814,0.4556592548518379,0.778934190401549,0.6630718675545579,0.29527696090232786,0.652462360958432,0.009921157413317751,0.14291831495165566,2.7992249833687386,1.0775695405013568
0.3642234960363882,0.7247077106730269,0.44690114620052046,0.2144810050553826,0.34161820492695716,0.649824049315532,0.17618583173682414,0.8141201079718253,0.4932226729211071,0.6096215417139291,3.000366246522705,1.098023678105062
0.6268221593866988,0.8129460167367804,0.7881267502032766,0.5605264092703698,0.5839999229845474,0.9268520876620479,0.7987171228944937,0.6285840150341155,0.26009939885068445,0.35117478060661667,2.884067310392322,1.1334153052850455
0.830111219995537,0.4855239485118376,0.2852576915118248,0.992038563914406,0.13663546294336854,0.3871889793597896,0.9388684319867832,0.5492221440867062,0.7312574116432232,0.8771690925206059,2.8864721762667664,0.9456470055756767
0.6558955585185586,0.8799300219156048,0.2907538895185865,0.35517180863577,0.20826668518833802,0.3696674270365435,0.15805891303308575,0.43764438920097637,0.02574129694041784,0.2324556659809834,2.99226391434471,0.9877293526880727
0.139889170481917,0.22233067923740576,0.822458624418575,0.44553100080456304,0.8074724361817145,0.6806318596469624,0.2466302908595298,0.2357073760140591,0.6112631208053831,0.02014677930656622,2.820694660906705,1.1279024808275868
0.03723178682338461,0.46854146173708283,0.3875206547241138,0.9103566757681755,0.7713329243419282,0.44342393096917826,0.9708125966634111,0.945955849210745,0.39936532493138455,0.632129676821287,2.7043925507584388,1.1451146376897572
0.8983362285631032,0.5212623256470726,0.4611529806924518,0.5504715451168756,0.4392192216020571,0.26022131656072756,0.9158845979739497,0.1674578227284948,0.9564255495018174,0.7355777532539658,2.9736871408854393,1.1466123610150998
0.5208917078190064,0.45101178831885064,0.83251050863426,0.04495546195158245,0.007068735209307342,0.4719097422427846,0.12511486765314075,0.18388642236582942,0.4715342203618095,0.16952321594021402,2.7305760404501096,1.0640382233554944
0.7017779634017528,0.8212940593743121,0.5423580973954325,0.02639440485933578,0.9417435531008043,0.8868810804900568,0.06685364491140697,0.7633163009194556,0.045786610217812565,0.4377876246818375,2.864110057521889,0.8897546983016288
0.7947684930749698,0.0468036077876668,0.16326954017717185,0.7705823962025528,0.10977513265777894,0.010790276131148328,0.8648893793816856,0.8213509424128003,0.10457261545118808,0.313795489380624,2.8792471713558636,1.1263125167131927
0.14118952776622776,0.9057839262712684,0.7241055965172002,0.32076890286336757,0.6069596200093476,0.5257524725059471,0.7085484481822244,0.10046664641731781,0.48656379531041805,0.3029375727301313,2.8697664276846626,1.124953994169603
0.10280071266352797,0.41420662820621396,0.6581490959489015,0.8866901721320009,0.48496540641794206,0.36019655889472024,0.3391744757216753,0.7305462035380744,0.6910797894276065,0.9037455731717322,2.751178368622369,0.9410162286792121
0.17408069614298308,0.022531555622042947,0.8497683793133559,0.510788831933975,0.586423818227123,0.2520036790923318,0.15482387121528005,0.25360109268775627,0.4293841616798606,0.6165824071125497,2.798656678090178,1.2037090106204587
0.9652787866370763,0.5820996825654955,0.6946684559755956,0.8085336165751211,0.027374726382208347,0.4085560172367545,0.6714732790478052,0.7680745380662711,0.8055204353660511,0.6751878196475071,3.153728187192021,1.0586839730895579
0.33732320916727043,0.5613886561467576,0.02314963196674687,0.8218714127231004,0.3085639713636542,0.1371816329915669,0.8108598134256444,0.9826488131555962,0.07216217426484872,0.4848593480811244,2.9169509602721946,1.0872043480123543
0.4776526219158313,0.4962748712235855,0.49138401308697166,0.09986043300555315,0.36717552118749663,0.3843779568064448,0.5165465598456787,0.9082410329814764,0.40067443490330074,0.6450726214442096,2.7546272867594888,0.9847994369418595
0.6791147510763594,0.7870065137222734,0.062311160798921114,0.7274974303032695,0.8824365419639458,0.834413204491431,0.5449428169108292,0.19317433783041515,0.900788970948637,0.1450825874881831,2.852954081949482,0.9790303679411925
0.06227435521396464,0.6585465420518719,0.687617122667266,0.6541790335852338,0.2994098854258407,0.4979029085365343,0.47615570761214865,0.024055901871366983,0.10761159705222541,0.07828748956977809,2.761968346793091,0.9638242336837923
0.14511510536664804,0.4041955575842193,0.6442233439336071,0.7663383085614446,0.20132687601634605,0.2146397682772499,0.5537598750654196,0.31436143541126593,0.32093852564259445,0.7001207016551627,2.974024670108244,0.945639074303806
0.5859709818538302,0.663910137093031,0.4366564517132971,0.4611704345128061,0.7328968165374382,0.6416828776855991,0.8863475465114883,0.3099443941810656,0.20618788152359122,0.1755848308236614,2.8228939936601796,1.1666018349935303
0.595734229634001,0.746130643892624,0.4848280401823616,0.6742432723158858,0.2344006822052639,0.17684940569733879,0.597124972566054,0.3468922081920158,0.13582659557200058,0.5672199131709552,3.014132767652788,1.1529358762335329
0.921669224075791,0.587200770415727,0.5362884304636449,0.2278268742475648,0.3993723027746129,0.9110397594307356,0.22206407310514464,0.00276593983532779,0.8228046776979092,0.3751008505203643,2.903620032575766,0.9868107179161684
0.750788368261224,0.6451615361991281,0.13097526935200415,0.9391559835961832,0.9271616836067936,0.29526767313011903,0.36898427484434204,0.6680269863569458,0.2364369218713475,0.598818814717799,2.856314142566073,0.9750945979117542
0.9284076514439271,0.9361395237362854,0.3781351770738738,0.534048183333834,0.26957329088618504,0.877416288063945,0.1390327012317643,0.9006667346587136,0.9479560741176642,0.8379715538011714,2.846835362627979,1.0807589679450849
0.673175271672413,0.27571932387619136,0.6056629750831967,0.9013720341114064,0.04095599379904889,0.11911743686547287,0.6946565711674425,0.7747034471464258,0.9923667017886347,0.1862113212191188,2.987779760439399,0.9678040413893094
0.496140901214446,0.9621755836745173,0.01037838522934776,0.8442530589790493,0.7883884811363802,0.9317547956642447,0.851921093027442,0.21969006409621383,0.31837337935557924,0.9310459325250505,2.7412970230249263,0.9671240554148475
0.026135040180925252,0.6838973874457617,0.033298382870058055,0.7637005576447621,0.5760935196571528,1.4930162789948965e-05,0.9602749272887426,0.7549662049304301,0.17467603879691643,0.7928304768804676,2.9275981716824284,1.0819327863635468
0.936589718675681,0.2955964700468887,0.2194530768770417,0.7194500493947297,0.856906084072302,0.07934916711503716,0.24406112496691032,0.8193526846357544,0.22728274901285572,0.1309169263743512,2.8190315027996116,1.1048825555101505
0.9133859506653957,0.6106757322289076,0.4654135150036262,0.6675447726926478,0.422294397561971,0.19509665695734882,0.5040305588375986,0.6316031546262193,0.8533804878568402,0.15819729524358955,2.8966859530287516,0.9403166308181499
0.9628434505420255,0.5166738759914353,0.5811008428719242,0.1897414653940629,0.5063072940398259,0.5427803393160269,0.10942784114449579,0.15046829372330034,0.889625002879849,0.28292391978261044,3.002874326268195,0.8927827150028682
0.1808945545777105,0.3786459501561235,0.6198132282471518,0.27306387001668586,0.4976771117544514,0.9562450856927337,0.3494237550135547,0.3361400422679131,0.7691471915756369,0.7462584914502729,2.9006848194378687,0.8577525340352323
0.42587856779073846,0.5351827968144617,0.5668849528391514,0.05554973576159093,0.10112424550029217,0.24789533276946543,0.7382933835988592,0.5763240990876596,0.9430875456450638,0.004580739509538102,3.02647872696142,1.185864016182478
0.6911480756686026,0.9890646749769636,0.3063034451116153,0.24833300732849092,0.9850601011849164,0.37568792802346956,0.5099819956480195,0.10885972752040059,0.744484301895986,0.05938639417139334,3.0521662719519034,0.9161759173802313
0.901853350212514,0.8035038849560784,0.4586458852328497,0.546751773330875,0.9379104710363636,0.7168038103585564,0.024246732765738414,0.5905287929691807,0.2868940105273143,0.7566858407874516,2.7916410622364074,1.0958571786979656
0.4139363473634376,0.8925058042697578,0.15468437908279967,0.31563641305956547,0.9687892692601972,0.35353935962926963,0.7020671025030074,0.5334340354948253,0.302487121804729,0.30695597323585927,2.8830315462633402,0.9258184697475701
0.6428910635677305,0.24456785566047007,0.3831597268029443,0.612915488853799,0.14444291174039017,0.28426898766295816,0.4147451941436303,0.07519004054710701,0.1287559058749284,0.2253025265020853,2.9746812824518263,1.1087817282469405
0.2779163190589388,0.7771459747041756,0.8180756391962304,0.5221908932881106,0.29134977781172655,0.006664197899021239,0.3805938193532872,0.4237858487504481,0.9681679093230865,0.3205539394715775,2.9222774594669274,1.0602225082566037
0.9776022802326743,0.019318438088958473,0.7516127595834678,0.6483841178434736,0.35452981659396243,0.25665488168698186,0.9249083832173803,0.8952653284059944,0.020656663171947354,0.2162995420707645,2.904609712797133,1.2728205127298942
0.8528324857591046,0.6396590031327972,0.5499768495780445,0.10266943211432472,0.8309636861164474,0.20259527701253696,0.18899818260401158,0.5745973338864254,0.43347198752130944,0.23624019772572763,3.105555055448637,0.901389344585633
0.7466125767224112,0.7174905134210224,0.29691840097392697,0.8724835675699792,0.05414535415173649,0.22899876036805922,0.8275240235233171,0.3433527719780323,0.3484367135869339,0.21318195538460968,3.001709641730406,1.0802725321638091
0.9434021850354928,0.10242905703470014,0.807389950021505,0.9482264636965702,0.18539628673421982,0.21777987776273589,0.9024656882072304,0.7794949899657674,0.8310300422868059,0.01826878118040853,2.7837757458728465,1.1472740449660987
0.5682068402937185,0.33273421243082474,0.7142372155372382,0.36401596950085713,0.755535498547467,0.8716022464247856,0.8412811614697064,0.6460749765474694,0.31137227408341456,0.8412369245843604,2.9090015418195696,0.9519542694968706
0.22307905453357296,0.28922416732522765,0.9719775121730838,0.14587658651510554,0.1740981998821838,0.5962876804550161,0.6652847906965822,0.3652592357824537,0.267577908872389,0.9990649391072006,2.6832920069937325,0.9109735444472622
0.5140620831515582,0.9452194697574396,0.9194796653743673,0.6757649738031456,0.5038605472218124,0.8217080793268943,0.4947855533552525,0.1634284841211565,0.8105284945000563,0.6719753411747782,2.893920130955677,1.091940541462216
0.712146592224703,0.2737364365963263,0.0016531835851190213,0.5725947117324786,0.913051626948697,0.3297533378640878,0.4480994134120639,0.8780956089717844,0.22456215541387137,0.8894506281579525,2.849167424614992,1.1397831114812644
0.5625106700411519,0.46022219611299614,0.06679186916018094,0.12653250278031053,0.699703424646787,0.5514236064691607,0.434501478490342,0.7905057512480494,0.5998249052044813,0.9206669044214874,2.8184619102503086,1.0833743203235389
0.10977367619188846,0.5506128376543159,0.6843189359697747,0.8793498203847732,0.6610342855194775,0.42096391930928223,0.9138448211078846,0.5074710265248426,0.8834020560837421,0.7899474481755656,2.9165622205009742,0.9514447865486675
0.2879916464344287,0.9541170881303883,0.3016297173890833,0.5016663672563884,0.04972236124027499,0.45453355905241716,0.5781991654792008,0.26016666077512,0.6817462971430771,0.03816903729468526,2.752727025614527,1.168136762992916
0.34307923274408836,0.4346985048116521,0.9580547240626839,0.22004796836326387,0.014342558954051805,0.7510445004743214,0.6379459823857091,0.9854319078965417,0.08499511558818068,0.4344293908764839,2.901622910248053,0.8663445637515353
0.6509536907362258,0.3659567950579745,0.3323489169754698,0.6069431487444987,0.6697626898963531,0.3578585319717778,0.026572844583306676,0.8454716396205342,0.6854220882282335,0.5368744842489267,3.0997922721099798,1.2402604960781638
0.2311625702708559,0.0408618600816051,0.22800631806426158,0.9425843326690427,0.2730085147377514,0.5383231353575482,0.21766019498968134,0.6947853070061033,0.004691797986866749,0.11947481827512643,2.725015656240867,1.0129916270267505
0.4613929937128092,0.4902019981737874,0.25617162330478466,0.9274256856140339,0.8214324729327596,0.950319561759475,0.03436998550848662,0.40584064161393874,0.3658564167155236,0.86390618907467,2.7087103049776213,0.82775275144583
0.19867303770397468,0.8050026943203991,0.39293199414618785,0.04831789686083761,0.38218459499839935,0.08056532806320643,0.9466479543589392,0.7583085270086338,0.0931030531571521,0.28734767394880883,2.9194269372410533,0.9068117059843905
0.7326093150919366,0.07154272315564689,0.23911462746713316,0.35130328607908157,0.016312451437741335,0.4839770498003267,0.46287726508481114,0.7216001047841424,0.9085584010563326,0.2225875539662252,2.87571306772614,1.1072908249702942
0.4704106334459443,0.4091747644799315,0.4324441820428387,0.4801608838625069,0.26175313144129664,0.7956095709580094,0.8767940707821887,0.7991829135691887,0.6457289219064968,0.8231764306827882,2.8068300372827117,1.116528483404057
0.24828062022590758,0.12044101816797056,0.1401013538688099,0.6184010505223622,0.2490803239090094,0.4110743059582548,0.41715092621947397,0.32837567606871326,0.4841583614244637,0.1006551883142073,2.8010635527110748,1.2523626613239371
0.2517046433728966,0.9167708696620197,0.14869162015154191,0.01854508009705803,0.4947329478493483,0.741238239369342,0.3128202202210936,0.5021495127771242,0.5660649330663164,0.3878102656924021,2.822842929339962,0.9840542911988593
0.862488619344042,0.3614728504060079,0.7381435521304502,0.852402204948643,0.05920335863021138,0.9747009321096566,0.9666829966993561,0.642936146205537,0.8591834325070643,0.16390716431215946,2.9433337381889757,1.0943127130754529
0.3996660844356859,0.08187663145068187,0.1827913152158451,0.9667821868568948,0.8961772845282985,0.03661201388615533,0.11303006400675818,0.6563230285317944,0.6531243784475846,0.33327578789718304,2.874487276856266,1.1460808663800421
0.3854074623762867,0.20497523574208584,0.7642735419618173,0.5568555646667183,0.32252283586399644,0.047053724482092274,0.09930895867168334,0.4937484806455475,0.44132324890520935,0.4444467875957942,2.836866947270705,1.076718377012434
0.572649503965487,0.8837301158753681,0.6376797851518374,0.11939431061597143,0.9572875055641383,0.2412063641284073,0.5611792387770589,0.9103155541930413,0.8479362594454829,0.7084305957556896,3.0264375137964925,0.951089287591336
0.9494113468726292,0.5963775800457608,0.7558060612908781,0.37581144560231866,0.5446678490070124,0.9479893016713605,0.591492324166699,0.5215979714136747,0.6996348399527268,0.10576038282909994,2.993525063042402,0.9204120666654587
0.8884543361803097,0.5714477832102259,0.9348787510786499,0.39100570389407807,0.13490799292292047,0.5347070803828123,0.08816721316450563,0.06724036596690235,0.670406604822094,0.522441281626581,3.0593237761885854,0.9886094894691257
0.6391987715406903,0.42055928980543855,0.9944535726538136,0.2685622353530393,0.6445486679075222,0.39015930669720783,0.6502090262599364,0.05129583031451655,0.9865589779780644,0.6275547484886815,2.968933540862813,1.073532998019182
0.8435534377224327,0.35018837463948377,0.16637196880169622,0.02022678654115714,0.9758688029711304,0.8151936359234369,0.8162600697904674,0.1856905128326852,0.7616205644275291,0.5427530642073511,2.7460741097198427,1.0150649885936551
0.4022110643765568,0.11857259213432664,0.45465905370756676,0.714772961763514,0.4109863699117587,0.3385116830983397,0.4696937349652492,0.45123925496119405,0.9731850521374741,0.9785561078978645,2.8974613312578086,1.2072308535206573
0.7385853355441903,0.6166672408030788,0.6008031998553627,0.9721555967997209,0.302944605715279,0.42723219442442917,0.32414714208076323,0.12828587631944333,0.36240192484258366,0.3644467931234373,2.8142269945093292,1.0480339329764266
0.4337687010123369,0.21068806977626725,0.1772433973484873,0.414205378487287,0.45432387640744704,0.6183151273254234,0.1809656230646808,0.3185682206142616,0.7270076156456825,0.8137741460486453,2.5555990910194835,1.1260422193299564
0.33270933588919466,0.6522559821204549,0.05503312699927589,0.8487059038211612,0.9821849394335487,0.34915702728163645,0.07900063545171956,0.7420491491110366,0.6225767051552124,0.6687926480162057,2.898707897660505,1.0798081959735133
0.1907094516391497,0.7296726840310703,0.7993103648084963,0.004239663021945488,0.5159450153165883,0.9973880622653123,0.38939307510154814,0.031119812608871346,0.7916951378699995,0.9140367872111909,2.894160384475167,1.1081699173245796
0.8702273497016242,0.4780692899023202,0.5067545502184214,0.43800914420696013,0.8252769067762825,0.31398300856200034,0.9754387271154906,0.5972548774434842,0.24698533035026754,0.4659905817933324,3.0821339964738415,0.9742735822905315
0.7866974015639927,0.48380041523118444,0.2754715356078749,0.007849706234518599,0.4305624322907517,0.5111438321318766,0.58688659631036,0.5127930338240287,0.5921297559621543,0.2476314380008174,2.8836081709578623,0.8602109965328679
0.5284532021392552,0.10695264258398801,0.26497758005714683,0.08052949556660075,0.443501863655465,0.8839180925322424,0.9940148058764545,0.14414265957211753,0.4498223841021724,0.0506408080866829,2.89013364826236,1.1156976433547656
0.2916489018825862,0.8393485210045075,0.15866797764411353,0.6390853882991793,0.25321405318329465,0.2233478111273786,0.4073145955306933,0.8541965085877331,0.27863817628787274,0.07409147940051528,3.1199282336914442,1.021786223759091
0.2398917087348412,0.7849364447317496,0.967782381488489,0.9628033404438376,0.0636023579707347,0.6534429315679049,0.47217138644526296,0.607477479835158,0.9803463151569878,0.6596293078632832,2.832766898825199,1.1263776852190752
0.25920648185583306,0.3036294903721977,0.33972559744251446,0.03715159175462589,0.8412883142032007,0.4185055537871982,0.6073289501592523,0.2660771219080832,0.37305586860909346,0.4754175332940345,3.0282265349631783,0.8323444343678432
0.8838074476163293,0.26561726619673337,0.3290777045224443,0.5681140921390744,0.5646802444299683,0.7614248586810078,0.45084424879421103,0.13947684500627822,0.7854227731778277,0.39520546305077864,2.862664758806327,1.076673562957394
0.6462782559998458,0.6201258581709022,0.88686999728517,0.15084262365984635,0.8163959397156546,0.02771562682720092,0.10006430767412643,0.8270952134550821,0.49750510217819616,0.33686791801209726,2.9263465232474455,1.057637029196519
0.16477663574422624,0.5325053349922327,0.665845964020891,0.7567875990122727,0.3900604366041884,0.632279173767182,0.6886991563256791,0.5152046345762377,0.3916734768750341,0.34465583774608205,2.832745682193487,0.9047965012108031
0.6216740739827219,0.0577503696684105,0.48723610386296423,0.7751059928891488,0.6542323781677649,0.8408554208519984,0.2687460749705107,0.2719403375985761,0.7771790162875908,0.12718025492410445,2.826577134460664,1.1994399907194404
0.049335551594650626,0.5932822964170176,0.12469962297154184,0.9960975879089975,0.17710609130110505,0.2661021774588734,0.6801801248513709,0.6106109168779005,0.5898409648025469,0.962026025423444,2.9423320606277636,1.0452226735341281
0.17752567555992693,0.25125397956539025,0.3523202142840277,0.7854438805442422,0.9088913566562042,0.9931235851569205,0.14389638831637058,0.8041271787467285,0.9968542976143491,0.3256080675600137,2.937568263319996,0.8745227734635246
0.9099181111372876,0.500429112654434,0.8967386715407076,0.9517502835125553,0.746148630848361,0.15330481025412704,0.3928588730849508,0.7024583506263057,0.16024958195262834,0.20634355947053593,3.030063749223228,0.9902977049771116
0.9999570983363959,0.17451305817028967,0.9426545106235013,0.29895430242036114,0.6110607851428836,0.6958204964588613,0.869566665664775,0.9405824807015789,0.05906940459214522,0.9889746142523291,2.9507126303277675,0.9572386391462394
0.5947908167586481,0.0942978124242456,0.4237271169822641,0.9775893097541578,0.837408996301913,0.47782093655879493,0.45987465831105706,0.28190882619724944,0.3272441507770087,0.29519099510665137,2.7817243208220823,1.0678985288166245
0.34906429588503174,0.941257281470326,0.07807174399231757,0.13107609665024864,0.4792962983869224,0.5859732560842259,0.3342846003546885,0.699682006082251,0.17617083811305786,0.9800842011659695,2.8056542228510017,0.971991196770294
0.6630499152030186,0.38987010837931535,0.3493166359819384,0.47781002505520287,0.3287375322133268,0.14898783994536574,0.9549418320634923,0.2762998699567727,0.3306302136205479,0.007165761428294634,2.834549542075324,0.9754261117887735
0.27090358459483505,0.864314990003932,0.20502671424605215,0.2000195245063836,0.7534932666857622,0.5453421507254251,0.0645237163192904,0.5892497193691555,0.05333974466606667,0.3695955982407185,3.032935003925503,0.9047198344012557
0.32263299105733256,0.9772963192595316,0.9506842098290645,0.49143753079697217,0.861285813069766,0.5248963586951422,0.35455685848348933,0.11109954566108497,0.7575067332311695,0.13962750315768263,2.85076544476541,0.9159797076451747
0.44334024707978004,0.3103286274318667,0.11098030607448682,0.3997354596729895,0.9535058071920273,0.28901236907487426,0.9050710519122808,0.9763637057915628,0.19372578291876036,0.27636185784752476,2.85410543229273,1.2747646442965546
0.017488563522482403,0.139597450071887,0.7186645056852743,0.6987286170409743,0.800827369593358,0.9825960504376513,0.3405270229643004,0.32083241215824354,0.6160399060520879,0.7997137230450123,3.036940147428273,1.1385884495596161
0.6956047867017742,0.7681542373943504,0.11559469912631236,0.9559042463980085,0.7231450830920988,0.9607823914124928,0.43900545255303164,0.20854321734213355,0.03152950201743464,0.5506214827590953,2.7680882252198518,1.115779193145277
0.35241598400392204,0.20568375076340165,0.2044273159442024,0.11107334776103134,0.1580525243787293,0.17235918630572067,0.2704674698622821,0.0843396409247164,0.2908217110620416,0.7198632027017695,2.8931873258001124,0.9303999472923532
0.6127109638359586,0.08839769664294489,0.01598827208292338,0.8028003473396872,0.7085091998648301,0.7581809399480495,0.6247738160498686,0.360020275109065,0.0877693474452933,0.5770492542605437,3.04732535662625,1.1074433036231386
0.9933284121013537,0.5590054581317301,0.8393600732542772,0.7045524716316307,0.16304033357204845,0.7015985355526267,0.9259005244587493,0.37408856696568915,0.2127628833002501,0.1924969189545254,3.172611847433453,1.071702605636751
0.24117770842863154,0.06914019739470724,0.5184508003969616,0.6643132078673096,0.4612507194009683,0.7656133614556647,0.5598659241059719,0.09129731231505119,0.6355696723897349,0.11225381778718709,2.794184784401857,1.0442273756469058
0.8677093706315817,0.5784875225418923,0.8400221640949652,0.9801667155429608,0.6453456130943128,0.12438323952925787,0.2830349959461878,0.25798577022752395,0.30574753099557705,0.0801729157722454,2.828893542799625,1.0491707319351222
0.5823588366851662,0.9143780044919221,0.9275255569238262,0.5964013754004832,0.18311357150906166,0.3421227525710352,0.7234801147317448,0.7825298643162355,0.5316901500103961,0.40044898722843064,2.800913155849693,0.9808721669851587
0.05754867817690187,0.3218513931656758,0.6744382067611052,0.837299502153987,0.9001617826162367,0.06890704141591715,0.42881188510905965,0.22443651909696552,0.5591702712828962,0.6213894072911198,3.0804539686206707,1.2825914571894164
0.3292837280776064,0.39471963330332704,0.5144464903749336,0.5259469741473233,0.9602829334763747,0.7710576157158798,0.7806133646700112,0.7886296916658733,0.7733244182390622,0.896696790552584,2.7467323201375344,1.14458412271345
0.7711653875108062,0.8506764113778791,0.7346214973113954,0.8965900234911424,0.7914151423186518,0.43957107155655756,0.0037412338469806883,0.8322211413931923,0.6311722077072749,0.5141033927076497,2.891468040663533,1.099202023844545
0.024443424688378748,0.6883358934553107,0.9383478205969481,0.17337959664069952,0.22841984592410244,0.024736698168043594,0.052138745661259984,0.40256096928896007,0.5772682659097612,0.7249079577915344,2.9256362406392076,1.152672771171622
0.6837917858550762,0.6041285169998545,0.24196182833352758,0.5947806718478059,0.6775603700204875,0.4550765014184787,0.6797331625130345,0.179833971375285,0.04273943646379443,0.8687629504951352,2.8280449958098393,0.9896184320016147
0.45908358987098447,0.03699395723177875,0.13729433791028492,0.292853034641576,0.8734462571686594,0.6035978760990164,0.25295450485874477,0.46552713188531986,0.538839646308022,0.18060873189834145,2.9710620281392224,1.239077095135055
0.07311581658177452,0.1529557704164313,0.894941753451403,0.10609091687183021,0.4061139397338667,0.89444328816636,0.6409200463006416,0.4571083203850404,0.5442642559014228,0.25398875501024976,2.736104710239947,0.9995266457091578
0.6000050316171672,0.3715531610845606,0.26830561688932775,0.5791466568025719,0.5539240219736599,0.9233905110434709,0.133137803296728,0.9596037226828917,0.4154431034460324,0.6854661021944315,2.961259050632753,0.95423836195715
0.5158940966435588,0.14860859776923804,0.40463996370221683,0.9308025115219276,0.14977527376312266,0.9429080620362801,0.05996205806311354,0.2487377320883397,0.1155107405351631,0.3471457948434815,2.842290120999659,1.1115317410856171
0.1500729228566616,0.9317816442418201,0.8047496579112409,0.7810161232773445,0.06664984560705818,0.9372222003098786,0.8051224631397093,0.8687260190732197,0.6266584981987328,0.0685838302024388,3.0262390607938006,1.0332356823318465
0.6328078844944505,0.19197284422761518,0.3724042381774107,0.4179623238043109,0.6714332666210414,0.5908815937357114,0.6319541880510998,0.7363003572069095,0.16801834608398336,0.04702990951473905,2.7570890811298554,1.0736647430896957
0.051174830640842564,0.6081283563620469,0.5955459666055172,0.706190616851756,0.1264012839691583,0.902687849757873,0.6610355745983086,0.3588575001749545,0.25869835146837933,0.5703914152247305,2.744713626211376,1.1850272317229038
0.4902557285368437,0.8999412275970232,0.4297174729410382,0.496458367342794,0.25650010049815336,0.7921607385508455,0.23115330332305617,0.7114489025361359,0.09663386708674564,0.3571640473023295,2.9616230546593982,1.0323929462962076
0.7061083672823755,0.07741273672516143,0.5581449216445226,0.40421629095417094,0.7375808518610171,0.1906197659388993,0.5816398980590568,0.9745498344058431,0.4508867750087643,0.4609157588231391,2.9272401451976218,1.2219450259022562
0.16632719540924912,0.19572259702804584,0.4121047426756855,0.3743341669351422,0.7293794971051695,0.4465863464651348,0.628779641662197,0.883166864220376,0.4112641972750397,0.3909394884180967,2.7982357991961666,1.1207049303306302
0.28090058625855885,0.9287198840393539,0.8737996450439379,0.33017673236964107,0.46665461600734426,0.9853332870569254,0.7799249662792854,0.8413789247772764,0.4657392608163709,0.47480683294313575,2.9629738079426615,1.0159179786526755
0.7819978112586669,0.2558880015689342,0.08403753708795351,0.7916695936041143,0.5552169143004632,0.7857044257596856,0.6553255513947388,0.6397527806803002,0.8725782691228878,0.44765934240554434,2.8881644907749204,1.194132544869909
0.41947036754674083,0.9216980522527098,0.0515819705486489,0.25001356802704183,0.5208875553116791,0.737772146997883,0.2769136652577277,0.47929377048071686,0.5836020660188379,0.6616106076425515,2.891557734197302,0.8531392580358913
0.5468438876183277,0.0536442329894085,0.5868009590020233,0.906634905035006,0.6878396170806186,0.5601621682211118,0.9958610242357544,0.44127101518042544,0.18828910938246854,0.5561140684287781,2.8725955499105997,0.9746133811565338
0.39437934393692836,0.5664267576190195,0.7051254815937121,0.20911213636407158,0.21836256593496065,0.5665518193384773,0.3033062705879965,0.5683276872651618,0.8287535441899875,0.9659640682207737,2.9898794799973407,1.0069952702283187
0.9859796336256541,0.5095788954251719,0.24659620231981605,0.0940349811003838,0.020169581990894987,0.7847268820380716,0.3634124927512538,0.9947519444739381,0.37903543502602155,0.7675636482319796,3.0256956035989564,1.03776888319878
0.8293549743430214,0.18956004846908506,0.9211932239676136,0.6417136028491366,0.9241835484592555,0.8513075431703587,0.7615809755029949,0.6721361644649817,0.893795316417865,0.19633163911218643,2.7969123159069396,1.253518265380683
0.5762561318028039,0.1617928404573755,0.10026468584491158,0.583629179120268,0.7835098328954239,0.5833634536726469,0.5235266104590235,0.47084394755569836,0.2517816974937143,0.516308514265464,2.753425718044672,1.0935972752805958
0.7288689026271401,0.14109956149423913,0.6501289023087096,0.659879552841175,0.45690253888182486,0.9686386000655459,0.744899395623411,0.6757548837221403,0.3372098129138626,0.2018112523481002,2.6660467237791847,0.9544322939276775
0.9341755457645167,0.7575161619407739,0.5017747261141571,0.8844334625986919,0.3708698316364277,0.08683822405427023,0.7591981536563923,0.12136926085488771,0.8004792173937898,0.6536464317208516,2.7396034437026673,1.075214413600807
0.26370787340788887,0.9970932940883116,0.3579290483349193,0.0619070576018264,0.8910079749193527,0.4861037402605414,0.48359780552206083,0.07122231750226232,0.9514765532068404,0.742711252795984,2.8580810976821005,0.9944279015512271
0.26946571205891157,0.7334071718318604,0.17015263813626308,0.5160254848118275,0.6388951100488394,0.33168067806199497,0.17203967368163406,0.13000631472870003,0.35021657206699874,0.406497064886732,2.833445097627577,0.8522228743178901
0.721643788152943,0.13386049125241445,0.9046233698605697,0.8192365760502585,0.3326368267991947,0.8688348725715023,0.20569930407021647,0.2890460506826682,0.5144210199795689,0.09257127496501966,2.950401498751863,1.226928923476149
0.7634869404757588,0.15863124560382394,0.316378582870722,0.7319090077219552,0.5668077619426439,0.09196605884975004,0.2275870059311411,0.33285390117169195,0.7225052838116152,0.011101700687072905,2.945740230358148,1.0600044533965176
0.8149356050255879,0.7507382823156621,0.7288753358408212,0.08905711669964117,0.6291909772544159,0.8645410540711576,0.14967856829976584,0.353688565365535,0.5194571832915427,0.4907567728842581,2.903637261620094,1.164878267207154
0.6069489271056642,0.3357217838262245,0.7021680335159393,0.7469648058097246,0.3787259710315615,0.6092800212460395,0.48545740618601807,0.9694287940769672,0.11328709415032265,0.9718594135344093,2.879180377006708,0.9908013845060814
0.775345315453044,0.6792069311895388,0.27480498722324226,0.3141643927070012,0.3137377833212528,0.623189842764696,0.40055348961637627,0.938981258551075,0.7043189529847985,0.6400706135059213,2.885979842829698,1.106797372036226
0.3164505418497656,0.5431882337284142,0.7913863638036375,0.6923213297498589,0.7687113063884969,0.6577218989220418,0.3788617826561733,0.4271637794714832,0.7097715237685766,0.48891431979075495,2.91637336755639,0.9322350423995374
0.5534278488491278,0.061022254525260416,0.8559613780407016,0.23951930902288315,0.8498670183069392,0.6893479202230391,0.08488205250745084,0.9294830985272067,0.1523631544599561,0.6027219100610176,2.8089173223940174,1.059515464006787
0.8593226556481819,0.344714241042659,0.5349594456923085,0.8573525386986075,0.09793088544030641,0.7065181951317469,0.8734984722723573,0.5506204440805545,0.14313335361506357,0.6136312216274946,2.8518249613911584,1.0997255044594225
0.1212432480869336,0.1765697901400891,0.9646649831355737,0.6839506844086594,0.7005356819186281,0.053658490131081746,0.017897319415078293,0.11540097624559051,0.1839297033404018,0.6393031691545464,2.8339774289614246,1.0842676096188952
0.48384173248139356,0.87064600339315,0.5744964406080606,0.2768708367472765,0.35885827553910865,0.18760506874557673,0.20107942032866644,0.8606335383832692,0.21954646230792266,0.49726409719979453,2.9967611552930116,0.883571145898669
0.7985885829844205,0.7027462380705013,0.9772140954839122,0.7374151102129456,0.5474713678116606,0.04379395919736482,0.6992008218156218,0.08749946592701888,0.14583166287089322,0.03421675337866246,2.805294053081425,0.8795930066041743
0.890833781852768,0.9048380572749103,0.8140653598163352,0.43023972805044475,0.1955774859359174,0.8454079500172708,0.1623826596661101,0.7075653419943031,0.838497748924543,0.8918234184617005,3.00318190555277,1.0300640006543427
0.12982263283482984,0.24690477428705923,0.9066200260083003,0.21511009389095725,0.004636798353538583,0.557828200745303,0.8350026229691907,0.6645578855082794,0.9110756422822766,0.7611685909163766,2.810543315705761,0.9616379383650197
0.2155051384473027,0.6745197292504197,0.10736728671996622,0.8303220100857129,0.9457448547874302,0.09968522515217476,0.2946025533916639,0.8702009420841494,0.545546444859195,0.8069964976285372,2.9523667639474636,0.7905458580197091
0.8195924486911833,0.2936971832900955,0.8254390944980455,0.013544500980265398,0.7430524988278101,0.5195479438288807,0.009219463146410017,0.14718540632444224,0.4552132029732314,0.37441548718275564,2.673412321103884,1.0867526775204925
0.08282118825341706,0.7613338453134639,0.6796873437222042,0.2811404457230187,0.657567666440801,0.1414875872205994,0.7114322432820531,0.15840072085524742,0.06049259263847272,0.9150043339865666,3.1438240899567336,1.0332635196981237
0.5343224104405025,0.3848979698158466,0.23337689571028467,0.9186004480447654,0.7116523472790536,0.506239799997357,0.012069267462235751,0.4460887395521556,0.13433543573740794,0.7773712218053878,2.8146633949786444,1.1777648828036826
0.008226280906889306,0.8320876397383894,0.09090858809089719,0.07769454966261681,0.11215349158505238,0.577183720501312,0.04916686595447318,0.5287759883391301,0.7980779865789648,0.12062486237037047,2.9863928541249485,1.072239449216843
0.5584473837242624,0.5268041406646847,0.7681131682231218,0.40561963597126865,0.22324490849797876,0.291694549744171,0.39742063615468015,0.43051225981167357,0.46062529572851485,0.582212245546388,2.892421572869759,1.0825918774590844
0.767915951705783,0.6667829642287185,0.7474235515534962,0.7526155907904202,0.0704002816678218,0.11018276403656338,0.4203384766341831,0.49959818350708246,0.9783634076906178,0.8577090025869506,2.8548217818682557,0.9999206591552511
0.2100400257292965,0.4368579130956926,0.12964461559538001,0.9200324166043881,0.916053493244222,0.4302081159451688,0.8213579467453351,0.05987258296898968,0.4246198383848629,0.5044274651907924,2.9198992648911775,1.0321883536744723
0.7571971020748978,0.695373247104335,0.34088805118975396,0.813516369857083,0.6930888482364229,0.0648010478776879,0.6457479732584305,0.7493394047716597,0.20148964873243447,0.1535974555685382,3.0130132962177347,1.0837595943580833
0.20052135540453597,0.6330085434405485,0.1881383692584512,0.05335416872528435,0.8102343056652044,0.3073735193096952,0.8833565941025922,0.23153405981497566,0.5207248020497821,0.2559487769743847,2.8925180762569176,1.1103523562858064
0.11873265934385324,0.1115671202783044,0.5212709458390452,0.7229313206197336,0.16940097631281198,0.1057520789379842,0.5719349758364991,0.24305419357722716,0.5064287112715329,0.830625560548501,2.7840338734973207,1.187955248447667
0.3747012410067835,0.22890398785863564,0.5927146233890134,0.9858961095301845,0.09100491956212345,0.3209246988565562,0.5260859641201133,0.007707261441873859,0.3447139855829206,0.26742019275985834,2.919557204610907,1.1342563745468932
0.6696697379125256,0.0976639182395229,0.5780327894437995,0.4505395395926482,0.31831544118127436,0.6774011018161001,0.8914320026625094,0.1741173876238429,0.014091659308942836,0.8010982015625547,2.823715194364093,1.1855810253910475
0.3111296157600923,0.9838242856441144,0.44056111024428846,0.06568046185360962,0.28764366744584746,0.4915845664810754,0.933620744789984,0.010572223154267996,0.9201742508450753,0.04253683451519086,2.7635608686377635,0.9967092452807236
